46 36
43 97
39 38
7 74
12 52
3 5
14 26
24 24
46 37
26 55
31 55
11 39
6 38
50 36
38 66
14 93
35 9
46 58
42 77
32 32
9 86
36 85
30 44
12 99
16 13
5 10
18 34
27 62
11 15
13 71
36 71
21 10
42 56
20 68
26 67
10 48
41 86
21 55
30 86
11 78
31 55
29 30
28 16
23 90
2 35
7 36
45 79
39 85
21 2
14 75
21 32
27 55
44 26
10 78
37 62
47 66
16 59
41 42
23 90
30 5
5 36
39 77
14 71
44 57
45 18
6 6
15 9
34 13
2 22
13 12
22 25
15 50
36 86
27 19
41 48
17 24
22 31
24 88
11 19
21 15
44 22
43 53
8 92
46 42
3 16
7 72
45 87
20 80
25 27
33 67
13 33
14 64
9 35
1 94
19 93
28 95
41 98
42 59
45 16
11 56
