49 2
37 93
12 91
15 92
16 63
44 52
50 43
38 92
2 30
45 78
30 78
47 55
9 81
3 68
44 24
12 67
37 17
50 61
22 43
23 60
50 20
20 22
13 52
28 53
10 19
6 12
28 85
41 16
20 3
22 100
18 35
38 60
18 15
27 11
19 50
22 39
16 100
25 32
27 11
44 88
42 34
41 92
38 98
43 78
7 75
37 32
29 27
2 78
23 9
3 58
34 57
3 40
15 10
4 12
47 82
43 48
21 97
36 74
34 97
34 58
17 8
23 34
10 46
12 20
10 72
49 6
26 90
3 53
27 97
9 8
38 36
31 71
44 1
32 47
36 16
28 54
29 39
23 36
17 53
40 99
38 81
6 25
43 73
46 37
13 45
44 57
43 38
46 100
47 71
13 11
16 79
46 37
8 44
10 88
27 67
49 34
20 77
23 23
24 9
25 58
37 67
31 16
13 4
19 19
40 97
13 76
42 49
7 66
17 49
18 56
38 8
49 95
22 85
4 64
34 77
22 81
19 48
50 92
38 46
37 82
27 67
30 46
21 54
8 9
24 70
45 98
19 40
40 33
5 50
15 91
27 63
50 71
48 9
42 53
22 94
36 45
45 45
19 7
29 99
26 45
43 33
7 13
29 61
1 8
33 70
44 15
17 23
28 61
36 62
39 33
46 2
3 52
5 78
23 33
20 94
8 75
47 79
15 78
10 23
8 97
8 60
22 53
30 22
29 66
38 56
44 16
38 35
4 78
26 34
28 58
37 91
30 65
48 30
40 65
15 1
3 62
18 86
9 36
33 11
6 36
41 89
33 45
9 14
6 95
49 30
2 25
48 31
12 34
50 44
11 95
48 28
23 95
6 12
23 94
28 51
18 45
4 70
26 64
8 30
31 84
12 62
5 25
6 23
10 51
37 60
33 28
29 50
25 27
24 57
43 77
32 25
37 77
27 54
6 68
35 62
29 21
33 50
25 35
31 78
40 12
25 93
4 67
14 55
31 27
24 15
48 41
12 74
47 49
38 49
33 48
17 57
40 74
20 56
30 16
22 100
16 99
22 25
35 60
10 79
40 79
23 67
28 88
31 27
40 70
33 15
19 28
12 64
16 62
17 2
22 82
20 1
31 60
27 79
46 36
32 58
25 4
32 34
42 50
3 83
40 91
38 90
33 4
36 22
15 26
11 87
22 30
46 76
29 56
14 27
7 65
38 43
23 72
23 32
36 22
38 80
31 49
50 1
42 80
8 38
29 91
42 33
38 18
2 96
23 54
22 76
26 56
22 97
18 55
29 61
50 41
32 36
43 49
17 74
15 39
26 51
23 52
14 63
29 48
31 50
43 21
32 8
50 29
29 5
44 35
13 51
5 89
6 59
23 30
26 54
10 72
8 58
43 24
20 5
4 58
37 18
18 57
31 32
46 64
24 39
8 6
39 96
4 29
5 69
50 51
49 70
18 46
15 64
32 65
47 68
18 41
46 1
50 90
28 51
10 99
26 9
14 53
30 67
41 4
17 99
29 63
46 37
24 14
3 90
7 3
30 64
39 54
35 63
9 85
20 29
26 53
17 38
39 43
18 30
42 48
29 81
22 97
30 8
44 63
1 1
18 37
36 57
15 2
35 6
11 87
40 14
15 26
14 55
12 61
44 85
16 70
2 81
23 28
41 29
29 42
8 50
19 29
10 98
12 45
43 26
7 30
18 93
32 57
23 3
43 31
25 57
48 5
14 90
24 50
35 86
46 32
16 19
10 48
33 97
43 58
25 93
46 56
36 71
47 82
36 94
20 36
32 28
33 28
27 65
42 85
19 68
16 57
37 65
7 69
16 57
50 9
49 3
32 36
28 47
18 40
31 23
35 86
32 37
18 20
13 40
2 72
19 63
23 5
20 46
25 93
19 57
17 54
39 59
50 74
16 6
39 56
35 41
40 98
8 46
19 30
38 38
8 48
27 40
50 25
2 83
44 11
10 6
14 5
45 35
39 6
10 28
45 4
48 76
31 89
10 70
11 68
34 2
4 12
47 90
37 6
22 47
24 91
48 21
50 49
23 77
8 63
19 3
43 99
27 80
15 81
49 44
24 94
32 7
48 50
18 37
12 28
30 54
40 53
11 14
13 43
16 21
9 55
32 48
5 51
44 88
39 39
41 20
34 65
43 41
41 79
21 87
39 2
32 48
3 89
9 25
31 26
33 40
41 54
22 42
36 97
19 44
46 2
18 87
2 35
6 87
29 96
47 10
3 29
26 100
17 58
36 96
4 63
47 36
5 57
19 45
47 78
44 54
37 9
42 23
41 51
31 91
10 54
30 22
22 72
1 23
10 32
42 42
15 6
19 96
13 30
25 22
28 95
27 40
39 57
18 35
36 13
33 99
5 98
7 3
28 16
40 39
29 84
23 33
32 38
3 16
37 30
12 58
8 73
8 84
9 69
19 57
33 40
45 7
5 27
16 3
34 71
1 71
29 34
20 50
50 89
18 26
22 37
28 34
23 98
45 89
50 18
49 35
16 40
11 54
24 24
24 60
31 84
1 45
25 100
36 99
32 30
45 18
12 12
35 18
1 27
6 56
7 53
25 93
8 24
41 86
43 40
11 63
7 59
18 13
9 69
45 86
16 32
19 9
16 87
15 82
12 4
2 20
31 33
8 88
31 19
4 12
27 23
28 72
20 62
49 84
13 65
22 35
8 53
17 66
38 20
31 93
31 90
14 1
43 12
3 99
2 63
36 59
13 48
7 50
22 43
42 49
11 23
12 21
12 4
42 59
20 68
21 14
14 63
9 46
17 44
35 60
26 32
6 13
29 21
32 86
48 49
4 100
48 59
30 82
15 99
31 36
47 88
44 88
28 81
1 54
45 10
50 1
24 45
32 73
36 29
16 67
47 22
27 5
14 18
2 21
26 24
39 52
5 39
33 48
7 69
25 14
15 54
30 49
16 62
17 4
11 45
39 29
31 67
20 91
50 80
42 8
40 77
13 35
26 3
5 89
1 42
23 15
38 2
50 9
8 78
28 63
35 49
18 17
10 29
11 34
4 99
32 61
40 39
40 93
31 72
10 78
23 9
9 1
1 72
31 9
24 100
42 40
38 13
46 46
43 77
7 18
13 19
23 22
42 83
5 50
34 66
20 23
11 14
11 53
40 73
16 63
46 63
31 16
40 79
8 79
15 30
13 1
46 70
27 98
14 28
45 84
24 14
37 62
1 61
19 50
14 52
9 10
15 13
34 40
27 29
43 41
39 15
8 82
47 64
25 100
11 92
1 63
39 31
27 81
46 57
33 9
25 34
34 60
7 89
2 75
46 3
13 38
8 95
40 79
7 27
34 84
15 42
43 44
47 99
38 93
15 18
5 84
41 45
3 77
42 57
16 55
9 58
40 5
8 86
38 7
39 58
2 88
13 68
32 61
1 63
24 58
32 41
13 7
7 2
25 11
40 29
12 100
6 75
4 13
23 67
45 38
44 93
25 94
11 98
29 20
43 57
46 22
47 43
45 90
32 62
31 89
4 77
41 98
34 84
35 72
11 35
42 100
2 51
45 56
8 24
50 8
11 28
16 70
43 10
22 40
39 8
5 95
24 4
9 58
3 37
10 52
29 57
30 68
44 59
40 81
32 67
25 32
26 8
42 2
32 34
48 61
35 62
45 92
4 54
44 89
47 78
28 47
47 67
26 38
43 40
4 74
9 41
24 1
21 4
49 6
47 56
23 91
12 85
19 40
24 95
11 1
37 84
7 33
47 5
2 40
9 88
30 27
5 46
27 17
7 48
17 63
2 95
50 62
22 8
30 62
40 62
47 72
38 7
28 85
15 88
13 10
31 4
26 98
38 66
31 72
36 52
24 91
2 57
26 52
2 10
42 90
30 79
3 35
46 75
1 99
14 24
1 71
43 52
39 55
28 34
20 86
3 77
15 71
10 46
49 24
39 98
11 59
19 58
41 63
32 53
24 77
17 49
33 32
10 86
27 67
39 66
1 7
3 44
36 94
46 78
43 15
32 29
10 51
17 84
32 31
15 43
22 76
31 60
18 20
39 94
41 78
20 6
20 98
50 52
29 100
48 58
20 31
38 41
8 74
47 91
47 78
17 25
44 89
4 29
4 77
13 78
38 14
48 4
33 57
42 53
25 97
33 89
36 58
22 23
32 99
12 34
14 81
17 69
45 30
22 84
6 3
48 78
35 52
16 62
39 11
32 12
13 25
40 13
34 67
31 43
45 97
14 49
6 99
30 65
14 39
49 42
11 18
1 5
22 43
27 32
5 23
47 60
35 43
38 17
27 83
7 50
45 88
50 55
21 21
22 30
49 48
6 100
47 66
25 3
41 69
17 25
37 40
1 50
2 78
9 1
12 75
18 74
11 21
8 4
4 68
21 58
34 72
18 31
33 99
25 47
3 41
48 29
22 25
2 54
26 37
15 30
3 97
7 25
35 63
21 31
29 32
44 47
35 93
21 63
32 9
23 14
