34 60
47 79
17 66
35 26
22 13
46 47
21 93
10 25
18 45
33 54
33 73
11 38
28 20
43 78
41 81
40 27
47 75
28 99
25 41
15 64
11 47
25 58
15 95
27 71
14 73
24 27
12 82
39 18
17 95
12 96
38 19
10 70
8 72
39 81
33 18
31 53
29 17
32 35
13 96
8 88
31 75
41 64
50 67
49 62
24 42
11 13
6 7
34 55
35 47
15 60
37 44
35 87
20 21
40 78
33 92
11 14
12 94
32 79
37 10
44 49
31 47
11 46
9 2
30 94
45 63
5 28
48 76
35 94
26 46
33 77
1 65
19 29
34 35
35 22
14 60
34 82
31 25
21 74
35 74
4 60
18 95
33 26
1 45
16 32
36 36
47 19
40 98
26 84
44 82
28 27
18 75
14 47
10 98
16 68
12 15
22 92
49 39
27 61
40 62
48 15
48 3
4 5
47 48
37 41
26 25
5 19
22 56
31 44
7 85
9 2
32 78
33 82
41 90
25 70
37 34
41 98
21 31
47 51
18 69
24 31
40 36
31 25
22 8
17 18
19 54
6 10
14 24
37 54
22 72
17 65
20 88
6 80
3 98
37 37
8 69
42 99
9 40
12 52
18 11
50 44
49 37
37 36
10 6
11 69
8 30
45 33
39 45
13 17
32 95
11 56
43 1
24 69
26 66
22 69
38 27
36 93
30 56
30 37
50 20
20 77
42 74
24 9
9 34
49 49
25 9
22 3
32 15
16 99
22 30
6 66
16 1
38 64
9 55
21 83
6 2
36 10
8 91
11 93
32 1
43 84
23 25
13 34
47 77
33 33
46 28
22 82
27 49
3 42
36 24
20 79
12 7
43 40
6 28
4 46
14 24
8 44
29 22
9 71
4 12
14 20
33 89
21 98
41 83
2 27
3 62
37 68
13 35
2 49
22 51
12 91
8 90
39 37
44 15
31 91
3 99
33 69
3 99
46 45
9 34
40 38
7 96
50 82
19 92
20 78
46 67
30 41
6 60
44 82
37 29
5 47
17 29
33 81
40 61
4 70
34 82
50 94
31 81
12 63
32 68
34 77
26 88
34 85
38 54
14 44
45 14
5 87
41 25
28 47
10 59
39 52
28 64
6 14
45 86
23 28
29 23
27 64
18 5
22 96
13 54
27 37
2 92
1 33
16 12
24 65
27 75
14 42
21 60
6 92
16 42
3 69
2 54
22 51
17 37
32 30
10 19
6 40
27 46
31 47
29 79
22 96
6 12
29 77
32 59
11 50
25 40
49 55
12 69
42 84
47 50
8 97
39 1
29 47
10 85
23 53
17 75
24 14
15 72
47 79
39 86
35 78
26 64
34 25
41 31
32 74
32 94
43 11
16 47
32 51
3 18
38 96
43 74
42 75
19 10
22 28
32 92
21 80
17 52
35 10
4 75
38 18
22 75
5 43
33 98
50 51
40 45
49 57
6 93
15 97
29 79
43 83
20 13
28 75
48 47
1 55
19 18
14 54
42 85
23 69
35 92
19 49
45 43
17 73
49 19
11 76
37 26
34 19
6 5
21 3
43 36
13 46
50 86
49 73
40 69
28 1
36 26
21 28
40 66
24 78
30 96
3 1
38 18
39 92
26 14
30 67
24 27
3 81
13 17
35 72
36 99
10 57
26 17
12 67
1 20
38 59
46 11
23 77
38 65
49 77
30 57
43 88
47 98
7 55
23 51
30 83
12 100
26 61
28 23
23 38
21 80
36 97
16 95
25 79
2 2
14 83
46 3
13 34
24 30
20 69
24 47
47 8
30 82
25 40
37 4
28 77
41 24
29 37
18 72
37 77
22 22
12 32
50 85
12 89
20 21
48 3
15 4
2 7
27 86
2 33
12 25
30 72
30 48
26 87
32 81
46 96
25 26
39 90
33 26
35 21
21 55
30 1
19 31
1 18
32 54
49 31
11 71
7 49
18 38
2 81
31 40
4 51
4 4
21 2
46 87
26 89
31 72
29 86
41 24
22 56
35 69
23 86
12 68
46 50
29 61
6 47
13 60
18 53
34 92
21 26
41 27
11 98
8 55
29 64
13 39
39 85
21 50
50 87
12 68
9 96
33 41
50 83
21 72
32 4
29 11
30 42
35 38
44 10
21 3
24 75
39 19
42 65
36 79
44 29
23 13
44 5
6 4
39 99
42 90
1 35
46 43
12 99
37 23
37 50
27 58
25 63
4 85
2 32
15 13
22 59
49 66
46 70
18 7
26 47
10 81
3 55
17 58
29 63
9 49
33 15
46 39
32 13
1 91
18 39
19 49
41 82
46 25
37 5
31 87
26 64
38 72
43 96
5 21
15 70
18 1
20 18
27 60
27 63
26 91
29 58
36 20
8 2
17 75
18 71
3 11
33 76
39 5
20 75
18 76
8 32
43 27
45 5
9 4
36 36
23 59
47 74
18 33
10 41
38 11
5 57
7 62
48 100
50 61
16 13
8 84
49 73
23 46
30 57
40 45
4 71
19 28
26 11
25 92
47 30
14 71
16 37
1 64
11 14
20 3
1 1
32 54
27 91
14 52
48 100
10 12
10 62
11 59
18 85
1 34
2 85
39 94
24 79
24 26
35 61
27 27
23 11
14 8
14 20
11 7
10 29
31 2
5 85
35 85
42 60
49 99
24 65
50 28
4 94
32 56
34 23
23 54
14 56
32 59
18 72
2 3
29 74
35 48
16 65
11 15
47 67
34 44
45 49
3 87
45 27
5 88
35 75
15 11
47 72
40 43
29 24
33 82
9 79
17 64
37 49
25 60
40 2
18 85
28 5
40 73
11 98
29 34
42 57
44 8
32 85
34 20
30 9
37 24
36 38
21 73
23 34
47 56
24 32
20 23
15 35
31 15
49 55
44 75
18 7
12 71
14 92
33 54
22 91
33 47
28 68
39 6
50 15
27 12
3 11
25 27
18 10
23 65
1 90
31 44
18 49
29 98
33 14
44 85
19 31
12 37
18 4
48 77
4 70
12 96
12 73
12 15
40 57
49 90
2 16
2 45
36 95
16 66
29 51
44 95
39 62
4 18
42 77
19 35
4 72
15 92
20 26
42 21
19 10
40 28
36 23
49 95
32 46
24 35
43 32
5 11
28 52
25 52
8 92
19 70
8 15
29 88
40 12
44 99
15 29
30 60
4 84
14 29
21 99
49 39
16 51
30 88
30 75
1 84
21 97
40 51
12 27
12 78
44 50
40 21
40 14
47 78
34 73
38 37
27 2
12 59
33 5
13 96
13 59
24 2
39 83
24 88
33 89
45 85
46 29
43 79
40 93
15 39
3 94
32 79
20 2
18 3
35 89
35 16
26 68
13 53
7 68
46 81
38 26
39 43
41 90
41 93
48 68
16 74
4 79
10 9
40 1
3 88
5 100
41 27
4 59
31 51
9 16
11 80
40 12
23 20
36 77
3 79
36 21
7 74
21 91
20 5
1 5
46 65
29 73
41 69
24 22
15 5
6 48
32 85
19 21
12 58
37 72
6 53
40 25
37 72
3 37
3 84
26 92
38 45
49 25
25 47
24 3
33 38
36 99
35 13
47 7
46 12
32 74
7 78
37 92
35 18
43 12
18 21
36 85
10 58
12 36
5 18
47 27
40 8
17 19
3 71
17 42
34 6
5 42
8 38
16 68
38 30
41 45
24 18
35 72
23 28
45 92
13 44
1 50
31 64
50 92
48 45
38 44
15 72
34 35
8 90
8 1
15 42
3 71
35 22
18 18
7 54
27 34
32 64
16 85
8 20
9 87
5 41
23 20
26 36
7 1
19 93
4 74
6 78
3 98
13 12
31 91
35 57
45 2
48 30
8 78
35 51
20 38
38 74
9 18
23 14
7 23
49 69
18 86
42 66
27 21
13 6
43 55
24 55
48 94
17 26
43 55
44 2
43 100
12 79
19 30
44 57
36 34
20 51
33 52
4 4
14 12
27 70
12 47
17 78
19 13
8 64
32 47
34 41
12 50
32 67
5 72
8 24
12 14
29 58
45 8
1 37
46 23
49 18
24 77
49 22
31 34
18 93
32 52
28 53
24 6
38 26
11 37
37 44
45 23
23 30
30 17
1 38
23 6
40 18
20 2
35 84
35 95
48 11
33 40
34 20
49 96
42 27
11 59
19 66
39 97
7 18
24 64
37 39
49 3
15 59
33 32
40 62
2 10
10 96
48 84
25 27
2 35
26 14
15 90
41 30
45 4
38 50
29 75
23 8
9 65
21 36
20 78
18 17
35 69
3 27
26 81
14 35
34 41
21 73
48 44
27 79
33 55
40 31
8 100
28 93
49 83
49 100
12 49
37 13
27 7
19 18
36 70
41 4
40 77
37 82
13 84
1 33
23 89
14 40
48 87
33 20
36 29
17 48
12 90
23 83
1 68
50 4
44 50
9 35
4 86
10 78
45 30
10 42
48 15
46 1
10 90
3 81
46 15
44 40
39 6
5 89
6 21
44 24
7 78
22 74
50 78
25 94
8 41
30 88
46 53
15 12
49 98
36 8
14 59
46 97
27 79
48 15
46 27
24 72
44 4
41 95
48 62
1 37
29 67
6 50
43 37
44 11
10 56
38 94
14 28
45 8
41 92
22 38
43 42
1 7
13 82
13 75
50 5
36 80
35 75
25 80
47 39
1 10
15 75
40 94
36 23
31 5
43 32
40 54
48 97
25 70
21 83
12 64
27 33
9 62
9 99
15 92
9 64
26 56
11 64
36 69
5 83
12 74
31 33
13 10
34 98
25 18
36 28
42 1
35 41
49 69
18 96
34 20
4 9
23 93
37 37
42 63
21 10
6 87
8 46
4 27
46 73
27 99
32 21
49 68
49 7
47 95
40 74
25 4
12 39
13 66
9 81
30 11
18 25
43 6
47 31
10 50
43 97
14 51
8 98
2 77
11 47
28 47
1 4
41 93
34 41
1 51
31 56
49 20
16 82
8 70
34 52
30 3
38 21
28 16
13 47
45 12
35 38
23 56
27 54
10 51
43 19
6 1
38 38
31 47
19 27
39 6
25 27
46 66
1 34
27 27
46 56
9 87
14 32
35 46
26 5
17 7
40 46
36 70
47 92
26 64
27 99
9 41
18 36
47 26
18 33
1 41
50 42
50 46
17 32
45 7
16 42
25 32
26 88
9 47
37 49
13 8
8 13
28 23
24 50
18 76
30 6
11 38
44 44
22 42
11 93
24 51
40 27
24 39
46 54
48 12
47 95
40 43
2 6
36 86
12 100
7 32
6 71
31 75
17 6
45 82
15 65
27 68
29 32
31 93
13 45
39 4
14 58
14 62
22 62
2 83
10 7
45 42
16 28
25 94
39 76
16 94
32 48
18 21
14 78
12 34
15 39
2 59
8 58
47 84
31 13
2 22
20 53
16 97
45 3
3 74
14 88
40 99
16 87
30 18
22 82
17 53
45 20
20 85
15 36
31 6
22 61
31 34
45 94
23 38
29 14
32 3
36 37
18 79
45 52
4 3
40 24
15 65
48 31
45 88
23 5
12 17
11 4
29 27
12 100
49 57
23 29
39 1
39 74
22 24
17 27
17 17
22 56
47 25
8 48
9 8
15 36
17 83
12 82
29 23
27 45
18 45
7 47
36 75
17 94
3 61
37 23
22 67
19 99
41 88
45 9
49 30
2 33
17 14
25 85
47 97
47 4
25 82
3 92
22 26
14 95
11 65
47 56
23 13
47 48
21 92
10 27
17 47
7 78
4 96
15 29
50 74
18 55
33 69
4 19
1 84
36 99
28 91
18 77
48 51
21 34
50 71
44 35
50 79
40 87
41 11
21 24
11 65
38 83
11 73
19 39
6 91
44 3
19 8
50 93
33 65
44 42
30 14
15 35
14 77
41 33
40 93
35 16
15 4
43 61
47 83
23 68
1 28
23 66
41 94
17 91
46 16
50 18
14 41
15 32
43 60
38 25
2 85
43 52
7 22
16 24
49 67
3 91
33 100
40 34
1 64
25 21
27 2
20 19
21 13
25 80
18 82
15 2
49 93
48 69
39 41
48 38
12 11
44 22
2 73
7 2
44 46
28 30
26 93
7 56
46 81
40 26
30 37
10 75
15 13
16 16
3 13
27 92
23 25
48 65
14 4
6 56
3 96
4 22
40 33
3 77
44 43
24 9
18 34
14 10
15 87
20 40
38 10
40 70
2 80
50 77
1 49
44 55
32 47
28 37
31 90
10 55
30 47
47 26
15 7
12 18
5 48
42 37
44 21
2 67
31 95
10 79
4 75
48 50
45 24
13 42
30 9
2 69
31 34
34 30
43 71
8 26
40 87
18 15
31 10
39 98
26 79
18 40
18 77
33 30
46 61
45 34
47 71
29 21
36 81
23 34
1 18
27 85
33 82
34 6
1 97
3 70
18 27
26 96
30 42
23 71
31 39
15 42
5 34
29 27
50 71
12 12
5 29
20 13
44 2
32 4
18 81
29 81
41 13
28 43
20 98
16 31
22 55
24 89
41 15
29 98
4 46
33 27
46 18
8 47
6 71
45 62
8 37
29 13
4 88
27 56
3 35
15 47
2 19
40 68
47 29
34 5
5 2
12 49
17 51
37 21
29 28
36 26
8 37
38 71
38 36
22 31
1 6
23 70
35 15
1 79
44 80
24 61
30 59
7 43
34 71
38 73
9 45
26 32
38 98
6 35
40 19
18 100
33 42
11 74
33 79
34 50
45 6
3 98
49 14
31 94
50 7
20 56
10 8
13 1
19 86
22 25
14 31
45 63
30 64
41 39
30 11
4 70
1 9
2 98
18 51
35 99
30 48
9 49
11 28
27 100
23 83
14 42
26 71
49 53
46 37
48 88
19 85
46 97
14 86
41 7
46 27
41 46
50 60
43 67
22 88
26 85
38 37
1 27
31 8
36 87
39 7
49 8
20 41
26 45
21 85
30 60
26 29
12 89
26 74
30 61
32 81
22 65
5 8
1 43
44 67
27 30
2 28
34 37
3 82
40 94
8 100
24 44
21 7
25 77
35 34
49 91
40 59
43 85
20 81
24 62
6 41
41 62
42 76
4 24
32 43
30 80
6 32
1 54
31 38
2 95
29 30
46 1
8 92
13 14
34 53
26 13
10 32
42 98
50 47
2 28
34 82
13 66
18 96
22 76
45 96
49 50
26 16
48 9
17 41
9 18
44 4
40 97
11 48
12 17
28 2
9 14
35 80
3 62
46 14
13 66
4 45
15 44
31 34
12 10
30 6
20 54
29 6
17 7
17 50
26 10
48 29
30 82
41 83
2 12
14 95
7 24
12 7
23 61
40 60
40 66
21 73
49 46
38 79
21 47
39 8
27 58
25 95
42 36
15 67
20 54
1 59
6 32
36 37
5 26
9 78
10 27
49 10
8 8
2 62
8 1
32 8
19 48
36 83
12 85
32 49
30 4
26 18
11 81
38 77
23 91
48 25
11 17
30 10
41 30
6 1
41 21
37 25
47 100
47 20
31 17
8 35
38 82
25 80
27 12
32 68
24 22
8 81
35 90
26 77
42 75
18 44
4 95
25 67
43 84
3 5
42 59
33 29
41 52
12 69
23 38
28 93
26 17
7 45
4 42
50 53
9 76
3 99
6 52
7 59
3 22
18 47
21 54
46 82
8 26
16 55
46 87
30 21
49 31
20 100
7 47
47 42
6 43
18 77
29 21
41 29
16 100
27 36
9 63
26 82
33 29
34 55
12 16
16 23
27 13
38 82
36 13
30 70
12 51
11 12
46 93
39 6
5 92
21 42
32 40
19 18
17 80
48 91
41 100
38 61
44 52
21 54
20 2
29 78
31 53
27 54
40 73
46 9
11 18
17 30
33 98
50 39
1 60
14 54
6 42
6 82
33 99
50 39
8 65
42 57
24 4
40 48
2 77
35 33
27 22
40 34
14 89
22 22
15 69
22 48
10 79
3 91
18 14
32 64
2 78
12 85
40 86
3 52
30 41
19 47
41 47
2 86
12 39
17 27
36 81
24 87
46 71
3 80
5 93
3 23
6 40
38 34
16 42
37 5
15 46
47 35
20 43
48 87
9 90
38 75
13 29
22 76
41 6
5 93
17 9
42 89
42 38
5 42
27 86
22 21
42 82
20 47
34 66
7 40
18 51
33 51
22 64
22 75
33 78
40 25
18 98
44 5
38 42
37 13
21 15
32 84
34 43
6 34
15 34
18 46
47 51
31 20
42 16
40 70
29 32
40 79
29 30
41 79
2 32
25 84
18 97
36 54
36 73
25 20
11 57
17 27
27 5
12 35
1 42
47 51
1 23
27 47
14 87
10 5
24 53
50 60
25 12
20 73
31 18
41 60
46 63
39 90
31 98
9 33
24 72
47 70
21 38
28 69
22 53
4 22
34 54
31 98
44 16
31 38
47 63
5 42
8 77
8 66
18 20
14 33
36 87
5 15
28 55
20 6
29 60
16 9
46 80
4 26
44 55
16 23
11 99
38 92
8 99
33 21
48 90
26 24
1 38
28 89
12 97
25 72
23 23
11 43
44 29
40 75
35 41
22 34
15 36
31 75
47 33
39 61
6 39
19 57
10 98
29 11
10 71
49 96
18 80
2 25
23 59
23 27
1 75
15 70
47 43
44 83
13 31
31 40
43 77
25 37
50 64
47 16
26 1
4 13
26 76
48 18
36 9
44 63
30 64
1 37
26 94
40 85
20 4
42 5
45 20
7 69
11 76
7 73
3 87
3 90
16 60
34 81
6 18
21 48
45 23
21 94
43 100
18 91
40 87
4 99
23 36
3 100
34 94
33 5
30 10
31 89
39 87
31 76
6 96
39 9
47 48
48 75
6 55
16 93
46 84
3 79
27 62
35 91
15 84
21 97
18 58
31 1
49 20
5 91
1 79
40 52
47 32
50 90
8 41
12 17
12 59
30 87
22 38
19 10
25 96
35 21
41 28
14 55
39 14
31 84
32 16
38 58
23 2
24 5
48 54
18 40
29 59
19 25
34 66
50 62
19 20
45 38
9 37
34 95
44 50
46 20
15 88
46 88
30 5
15 39
28 83
30 60
39 20
28 92
48 60
39 83
50 63
1 74
2 8
42 41
23 15
46 87
15 88
45 92
48 19
38 11
8 11
23 83
37 26
38 86
30 99
21 58
1 80
45 5
44 2
32 63
29 66
42 46
16 20
37 3
31 9
16 92
21 99
16 43
31 64
5 32
6 4
15 20
37 86
19 40
9 18
38 42
3 88
27 28
11 19
2 91
2 24
4 93
39 27
23 8
42 35
31 66
7 66
45 60
24 51
17 14
5 82
3 10
12 80
33 18
6 19
28 35
14 98
49 56
33 15
46 55
45 17
3 41
40 18
44 67
1 3
24 63
43 43
14 32
42 43
43 84
16 92
46 54
41 73
25 90
44 74
49 30
14 72
31 48
9 59
10 34
9 20
21 14
27 41
18 16
7 43
2 9
48 30
15 69
40 86
6 95
34 46
26 11
4 95
28 3
3 67
35 9
3 91
4 12
21 21
8 64
40 56
7 87
49 80
36 85
32 98
27 31
40 70
30 71
8 49
29 95
45 57
28 31
1 52
8 73
38 86
34 80
20 4
3 26
37 76
50 78
6 100
18 21
21 29
48 66
44 48
10 41
37 8
31 84
17 8
39 78
30 100
5 99
36 42
9 79
20 33
24 86
50 89
24 5
39 86
43 51
13 91
37 64
10 5
29 22
36 34
8 26
8 50
29 19
24 12
18 26
31 41
29 11
15 91
35 76
49 52
15 18
40 48
16 38
15 26
46 49
44 79
32 36
26 70
1 22
41 97
37 85
32 49
47 43
23 99
11 12
35 14
6 53
7 26
39 95
3 70
34 42
23 79
33 74
20 83
6 43
9 15
43 6
10 6
39 83
31 56
38 100
1 22
1 7
5 64
47 62
44 54
17 12
43 29
25 83
40 3
26 63
23 60
43 23
4 70
8 31
6 19
46 52
25 81
13 65
26 43
45 80
29 88
23 27
23 100
37 83
21 94
16 21
3 2
28 82
42 8
7 5
41 34
25 30
46 95
6 25
23 28
34 62
27 42
48 4
2 69
44 10
22 93
7 77
17 16
34 31
6 60
31 71
8 79
31 32
45 2
2 83
25 52
49 63
25 15
28 16
39 83
22 67
11 96
13 18
40 38
30 3
5 17
8 88
15 30
48 28
17 66
40 18
6 73
5 26
1 37
9 86
47 81
43 86
15 46
50 94
3 50
31 82
13 55
26 63
9 91
42 30
15 21
22 47
29 70
5 32
19 84
39 28
27 87
35 85
1 61
32 60
8 100
32 38
10 29
42 65
48 56
34 29
44 77
35 69
46 88
25 12
4 59
27 14
16 13
50 26
50 81
12 77
29 31
44 36
1 67
32 44
17 46
18 8
28 18
3 17
3 42
5 64
24 25
1 6
5 31
27 63
18 3
2 56
6 3
36 17
1 22
16 12
30 72
19 13
15 69
44 32
21 62
48 66
20 79
8 76
17 11
48 50
29 47
35 76
13 83
36 94
16 19
48 18
14 46
45 60
18 79
15 44
48 7
40 30
2 78
1 67
42 17
21 98
14 8
18 35
8 93
10 11
40 82
3 8
7 34
20 46
28 13
37 16
5 68
41 12
3 87
48 51
48 10
22 56
40 26
17 47
48 33
21 87
23 56
12 88
50 79
12 50
11 29
32 98
13 64
2 7
10 21
30 43
28 33
21 62
39 57
37 18
35 75
27 76
9 28
29 90
18 39
45 97
6 50
32 80
6 13
45 70
47 22
19 35
21 46
22 90
32 24
40 52
9 60
14 56
36 87
10 28
40 36
5 6
25 1
35 89
8 73
34 68
40 1
49 79
35 66
9 75
6 43
32 19
45 35
6 76
12 89
19 25
35 9
5 41
20 88
7 98
10 84
32 49
32 69
16 64
35 34
21 31
28 67
40 43
50 84
1 88
3 76
35 93
40 100
35 27
24 33
36 58
9 44
35 31
16 93
23 15
23 74
47 53
16 68
49 98
42 15
44 87
41 80
13 19
44 17
10 20
1 29
10 64
16 94
20 97
6 40
9 67
33 43
44 70
27 70
1 24
15 50
32 27
11 67
19 10
13 96
50 35
24 29
42 35
30 87
43 32
44 84
24 13
40 50
30 63
13 86
34 68
17 81
47 90
17 1
49 39
32 80
27 11
5 78
4 26
42 26
29 71
41 37
17 29
6 58
15 43
12 24
22 99
48 71
10 39
33 37
32 33
6 100
23 85
48 90
36 61
32 3
1 13
48 2
23 37
4 25
13 58
13 22
45 95
26 59
10 45
42 90
45 78
5 92
15 79
8 89
19 99
42 11
32 91
2 59
34 50
2 80
50 6
49 56
17 17
47 82
34 73
39 49
1 23
10 8
1 71
27 85
6 6
1 29
42 60
19 23
39 42
33 74
27 43
27 8
23 54
16 59
10 13
42 4
31 41
16 31
35 14
31 36
37 3
36 41
10 86
42 29
18 44
5 64
43 15
10 52
28 87
17 69
28 43
20 85
25 63
41 75
32 31
21 47
8 48
8 48
7 5
46 33
42 84
20 42
22 48
25 79
25 39
44 3
39 9
28 71
5 17
28 15
50 42
47 11
48 71
11 49
33 35
37 30
38 29
31 37
44 100
33 66
13 9
19 98
35 67
40 8
10 64
49 75
36 68
14 91
45 75
15 92
11 14
16 87
4 3
44 37
3 76
6 90
35 53
44 85
23 70
12 10
31 76
4 12
48 15
1 11
43 84
15 67
39 4
13 92
21 92
1 88
26 40
17 27
28 5
3 96
1 16
29 86
36 66
25 10
25 50
39 2
23 59
44 38
21 87
38 13
27 63
3 61
40 54
34 22
27 61
25 44
10 19
4 51
49 35
10 24
36 78
20 57
17 86
21 69
50 12
48 9
9 38
22 47
5 19
16 79
45 76
21 77
10 90
17 25
36 74
47 40
4 66
3 30
6 79
48 60
45 100
36 9
26 47
12 59
11 78
31 82
39 93
4 85
23 48
22 96
19 48
50 32
20 17
13 87
12 56
31 50
35 58
1 60
3 2
26 96
46 15
35 23
14 52
5 93
1 86
17 40
46 40
49 57
39 26
47 74
5 79
10 45
12 94
46 87
48 56
12 26
15 70
3 29
24 66
21 87
27 95
15 80
15 41
40 72
3 22
36 2
18 61
47 44
30 93
50 22
47 91
27 32
8 81
24 31
10 36
22 29
37 71
34 5
42 3
4 84
50 69
40 100
5 95
8 82
41 47
46 38
22 35
9 41
2 14
2 58
41 6
47 100
9 63
39 14
50 45
43 69
25 78
41 74
35 36
8 100
38 84
13 50
39 50
20 85
13 24
48 86
15 79
30 45
39 61
40 21
46 11
33 82
9 71
6 86
8 70
27 90
21 65
15 20
29 74
36 18
47 94
21 6
2 39
27 60
16 53
39 53
28 80
30 9
10 82
28 27
45 41
45 41
20 47
44 74
10 89
5 16
15 5
10 6
10 95
18 12
32 65
48 72
34 55
35 96
15 76
1 64
21 10
13 57
26 86
14 99
6 19
45 58
35 60
11 16
17 9
3 93
16 4
13 42
30 55
34 90
39 82
39 5
9 38
36 27
32 58
17 92
37 96
8 55
9 7
24 84
48 71
50 20
18 5
17 66
34 88
29 88
34 86
3 49
48 12
49 94
46 49
44 26
42 53
30 86
48 43
38 98
25 23
6 64
35 3
15 82
48 55
44 20
10 66
27 8
39 5
13 27
28 19
2 32
2 68
39 9
36 36
12 72
46 12
48 27
11 32
22 3
27 71
43 97
39 94
23 6
47 97
44 69
19 1
50 94
43 32
3 81
11 43
21 11
15 65
39 49
12 31
2 8
4 6
8 33
32 34
40 66
1 16
27 35
40 99
23 12
22 51
18 20
40 77
16 67
1 77
6 35
4 8
1 45
36 1
32 15
37 25
15 25
25 59
21 20
42 46
10 63
31 68
2 97
23 96
47 20
3 84
27 14
18 3
13 40
30 18
21 26
21 100
21 97
45 21
47 74
48 95
19 43
36 28
38 5
30 68
50 68
47 25
34 88
32 53
40 15
37 63
45 39
2 50
42 93
7 11
10 47
15 31
37 24
13 18
23 30
14 21
47 86
14 42
45 52
6 22
49 90
4 39
34 25
40 46
1 22
48 39
46 53
50 50
2 51
42 10
48 9
16 97
1 52
3 29
37 42
36 21
19 49
42 62
14 34
7 21
19 74
20 46
46 36
32 48
4 96
14 15
41 84
31 17
10 68
49 42
5 65
21 72
6 32
23 96
38 16
20 73
6 95
38 13
13 86
16 12
50 77
1 98
2 5
16 78
5 82
42 95
27 44
15 56
20 3
40 89
21 3
32 70
21 41
43 75
32 35
34 43
13 83
43 95
27 84
7 52
36 38
31 10
34 62
30 60
38 16
32 65
44 75
7 20
12 22
28 3
17 45
45 78
32 57
22 75
43 29
2 63
21 7
11 12
42 24
44 12
47 85
42 75
4 20
25 25
33 56
31 82
46 15
49 94
24 22
37 82
21 63
8 92
18 68
23 11
10 28
26 56
36 55
37 71
20 85
43 91
26 81
32 61
12 97
39 78
37 23
14 49
50 73
32 74
46 21
38 76
11 54
2 24
23 81
37 47
43 64
12 64
26 22
16 31
50 21
44 33
26 36
3 76
16 4
38 26
26 69
48 41
43 22
49 53
39 66
1 82
48 47
3 57
41 4
1 67
4 29
22 7
39 40
32 34
48 86
35 4
10 85
47 60
21 54
11 70
24 90
30 28
6 59
50 98
48 69
37 78
9 16
12 84
35 89
32 44
7 81
48 24
38 37
28 93
15 46
24 53
48 3
32 79
32 4
28 89
19 49
36 88
21 79
11 76
13 63
39 71
28 23
3 57
32 97
23 61
36 95
1 8
30 17
7 19
32 24
22 45
42 88
36 43
6 29
43 33
3 26
25 71
39 95
30 25
12 80
46 5
21 86
20 34
30 76
43 32
3 1
10 61
31 52
25 54
35 31
1 21
43 31
45 56
50 42
11 60
48 13
31 83
37 24
37 50
37 31
24 99
44 82
37 56
45 18
16 77
20 48
50 78
8 92
9 20
10 21
43 91
24 49
2 98
30 2
28 32
26 31
31 52
44 11
30 59
33 35
33 48
13 24
46 58
41 16
20 51
20 86
20 55
8 30
33 56
15 30
28 89
6 8
37 63
46 26
50 19
18 9
42 5
16 47
10 62
41 67
34 17
19 50
46 94
42 76
11 76
19 97
38 4
40 86
41 18
16 76
11 98
32 66
48 63
19 18
36 15
14 36
12 40
3 29
24 23
8 54
45 70
13 85
31 48
17 49
49 6
32 69
4 75
7 55
26 59
41 60
32 40
14 44
16 66
28 93
48 2
8 8
16 25
50 44
47 41
19 76
8 15
36 58
36 48
9 37
5 71
41 49
13 84
31 72
21 93
33 30
31 94
28 56
48 43
11 29
38 51
45 79
6 3
10 87
8 24
37 77
49 14
18 10
38 38
28 95
36 11
50 52
33 2
17 90
14 81
29 96
42 62
7 91
22 15
42 63
44 2
12 91
15 100
1 40
32 96
48 86
21 26
7 26
3 36
31 22
29 66
40 79
27 16
48 39
45 22
47 45
7 86
4 67
35 95
5 70
4 79
16 77
27 82
2 34
5 16
3 94
32 69
12 21
32 64
26 41
38 6
37 62
19 79
37 31
31 44
23 27
31 56
30 8
46 57
34 18
25 4
42 71
3 85
6 75
39 64
20 7
25 57
29 27
29 100
15 46
48 27
38 20
47 35
16 11
46 85
33 96
25 80
1 72
25 49
30 32
8 8
34 95
49 94
33 85
1 96
5 24
41 39
49 86
2 33
41 44
29 37
21 55
1 91
30 3
34 18
17 99
17 48
48 51
11 75
27 18
46 16
39 71
50 91
19 10
37 29
47 31
28 55
50 23
22 78
29 25
17 49
5 96
21 7
31 62
14 53
5 70
2 64
19 25
22 72
8 83
33 43
42 48
38 35
23 8
26 93
35 43
20 79
9 38
37 70
16 46
5 5
32 77
39 19
4 1
37 38
21 61
1 32
31 97
6 51
32 10
1 92
28 61
13 100
45 2
4 14
30 34
42 36
12 64
33 77
18 49
18 11
28 33
27 57
44 94
48 29
17 6
1 35
3 29
22 92
8 96
30 45
36 64
23 28
45 96
29 75
18 98
6 59
1 100
42 73
5 92
23 36
17 65
42 55
34 53
34 7
6 42
46 78
9 18
17 48
7 23
10 74
38 6
22 24
33 7
28 66
24 46
23 57
37 73
3 32
2 54
2 94
21 27
45 29
44 22
33 60
25 15
11 7
37 98
6 59
35 7
18 36
35 98
28 35
44 35
15 10
23 7
25 63
8 78
9 82
44 51
49 63
7 58
25 38
9 60
16 39
33 77
3 87
18 2
45 28
35 99
48 28
10 93
41 37
30 55
46 71
44 62
48 65
15 2
41 15
18 79
25 55
3 95
42 20
35 39
19 59
32 43
21 11
38 63
2 92
2 53
34 12
16 69
15 96
5 95
3 26
16 94
27 33
50 11
40 36
48 12
42 5
47 59
12 41
34 44
25 45
15 17
7 86
4 55
2 89
33 56
22 57
50 2
23 51
4 40
47 77
26 51
36 75
28 59
49 19
1 27
22 29
23 85
13 29
20 86
26 19
28 24
9 11
47 45
44 7
29 46
45 50
11 75
28 36
49 71
47 91
23 71
49 53
18 38
26 54
29 27
7 17
22 54
40 88
20 67
35 72
20 69
19 99
28 21
10 2
14 41
10 14
46 55
38 95
20 41
31 24
1 19
29 83
24 22
25 56
50 91
11 59
29 44
46 46
27 45
30 3
26 30
6 20
35 25
18 84
44 48
47 23
49 20
20 57
2 29
32 42
5 38
50 66
29 59
49 70
32 13
18 38
25 51
25 86
42 78
19 28
47 14
45 18
1 76
1 68
1 8
22 47
23 10
12 11
41 76
1 39
45 34
43 99
24 54
8 32
17 66
16 25
47 10
48 85
27 91
15 43
40 42
4 5
37 10
30 55
30 78
5 50
1 74
44 13
23 92
21 71
8 93
31 83
28 39
17 77
10 63
20 41
16 59
32 97
29 33
4 33
19 78
14 32
50 46
40 56
6 8
4 50
39 30
28 30
2 55
13 76
42 82
27 44
11 8
19 36
2 45
37 84
9 21
41 31
24 23
32 29
31 46
37 95
9 12
18 73
42 87
23 72
41 12
5 21
2 42
10 52
40 75
14 76
25 18
22 18
35 17
50 87
2 7
28 69
37 2
50 91
36 35
25 31
6 21
25 44
31 9
17 30
36 24
31 95
27 58
24 11
27 4
28 50
4 42
44 24
39 45
30 95
43 95
30 78
31 16
46 85
13 75
35 36
28 17
17 15
1 4
44 7
44 88
10 16
7 80
30 73
22 48
13 35
8 3
30 2
3 15
20 56
35 57
17 22
14 46
11 92
18 43
13 61
34 25
40 64
37 4
35 88
46 34
22 26
39 49
36 35
47 84
9 90
45 18
47 47
7 65
46 94
28 1
46 87
15 30
11 44
12 57
6 36
29 90
38 13
31 90
42 6
6 20
25 67
17 2
23 63
42 2
25 24
48 21
21 98
25 49
35 84
36 8
1 42
48 3
17 95
47 11
50 11
20 26
30 46
43 80
41 75
8 74
24 55
13 12
36 93
18 56
46 4
3 86
12 62
11 59
15 79
22 61
42 81
14 34
49 14
22 67
30 61
22 22
33 42
44 6
33 72
43 25
40 77
30 37
20 47
50 3
4 69
13 29
3 78
1 69
41 32
39 93
17 64
19 50
48 14
28 34
47 78
12 90
6 57
27 40
47 25
49 77
35 28
20 25
42 52
37 10
43 41
40 53
7 61
44 16
20 39
36 98
9 65
4 10
13 65
12 46
16 58
22 70
42 43
22 61
4 64
41 70
12 33
36 15
15 1
50 4
45 35
44 32
19 73
15 63
26 67
46 55
46 31
4 84
25 63
4 37
34 8
26 69
45 60
9 20
21 95
15 16
21 21
36 24
22 18
35 98
18 95
30 82
46 24
16 28
50 73
39 17
40 16
6 59
8 96
24 12
13 14
30 51
45 31
8 4
37 78
6 52
15 15
8 60
23 6
13 21
36 99
20 88
3 2
38 14
6 32
3 7
14 92
33 55
4 80
43 56
14 68
21 88
3 45
41 27
36 7
40 54
12 53
49 83
11 70
3 8
49 9
10 77
47 2
47 16
44 57
22 83
29 53
13 29
38 68
12 11
17 89
19 2
19 17
49 1
1 60
10 56
2 7
26 19
44 74
7 56
38 12
49 56
30 20
44 2
47 83
24 93
1 75
45 99
46 64
15 79
14 37
41 3
50 52
1 56
48 44
36 33
19 72
50 28
15 66
20 37
10 94
39 69
28 87
1 53
14 45
10 36
38 30
48 89
19 89
12 26
28 27
2 73
30 56
18 100
35 78
33 85
7 38
7 64
42 9
28 60
43 58
8 54
34 30
50 10
33 66
8 54
26 45
47 13
22 37
14 70
6 90
39 71
4 24
31 46
25 97
18 38
40 15
6 40
34 38
30 42
21 73
13 69
34 51
21 49
12 48
7 23
12 60
9 66
15 12
4 88
13 55
20 68
42 92
18 86
6 90
33 39
4 53
41 54
38 91
16 51
50 63
38 43
4 77
44 38
27 43
42 92
48 72
48 13
7 46
43 36
17 34
50 81
23 87
29 90
46 21
6 52
19 30
21 82
33 99
4 23
46 46
29 30
38 15
26 28
1 68
13 18
21 28
23 52
19 95
42 37
22 41
49 40
33 3
42 98
6 60
14 9
19 69
6 16
25 8
29 83
19 48
22 3
24 100
19 24
34 93
29 40
36 92
38 37
29 82
11 17
10 95
49 92
12 60
17 38
24 96
30 22
16 24
29 99
28 4
9 53
18 49
48 56
46 67
43 37
37 35
50 29
41 80
34 55
12 9
24 3
5 79
15 69
35 14
44 81
37 40
9 11
26 15
32 99
49 86
49 49
12 49
7 50
21 74
44 47
8 100
49 50
48 78
20 24
18 29
37 33
15 21
17 97
24 71
44 29
9 92
30 86
40 37
20 65
20 97
35 63
35 56
9 57
21 31
34 4
29 1
35 90
37 26
28 91
37 69
43 35
49 93
8 92
29 1
16 66
36 15
38 45
6 60
13 86
13 84
19 53
29 97
3 77
10 42
37 27
24 26
47 74
15 30
36 15
21 72
41 74
19 98
37 77
24 94
7 60
30 46
24 99
15 22
20 53
6 88
30 59
8 49
6 14
30 33
25 86
4 18
25 46
14 95
27 80
3 42
17 30
21 95
14 87
39 36
16 80
30 2
6 22
2 100
48 79
23 75
40 42
21 39
12 12
18 99
44 60
9 32
49 22
23 18
15 37
40 98
26 23
22 55
37 91
20 40
11 69
1 29
11 38
48 47
34 30
38 90
8 61
46 61
24 2
27 92
45 93
42 16
5 53
4 14
42 5
1 32
2 83
19 34
29 89
46 98
31 100
45 53
48 90
13 74
12 53
8 98
42 17
43 44
30 41
46 15
11 3
8 19
46 12
38 94
17 3
43 46
7 25
6 3
36 40
27 33
19 60
3 100
23 70
33 87
38 39
31 67
41 82
50 52
34 76
22 22
41 26
21 16
24 12
2 11
27 28
23 65
47 28
43 51
37 24
32 58
48 92
14 23
48 63
27 19
39 48
44 26
45 30
11 35
39 13
20 26
47 66
3 23
10 35
2 55
5 72
20 40
8 46
50 38
8 91
30 57
40 53
29 95
17 86
8 40
8 70
9 82
28 36
15 72
8 97
3 43
29 17
12 3
41 78
34 35
8 16
43 52
25 48
19 69
3 44
10 12
10 42
13 68
24 69
28 75
48 15
24 93
39 35
48 55
21 42
2 76
19 59
46 39
37 64
17 100
42 3
48 91
39 76
20 80
23 56
5 8
4 90
2 49
38 28
21 99
26 100
39 38
38 14
17 36
49 75
14 85
11 71
10 90
14 7
41 66
19 69
15 18
45 27
39 43
13 25
7 1
1 96
2 10
10 40
8 2
26 58
10 14
30 89
20 81
26 54
42 33
50 31
37 64
12 34
39 83
22 90
2 9
38 1
43 36
6 44
32 25
24 75
1 76
23 72
5 47
45 33
44 40
2 78
10 96
49 64
42 90
21 79
43 65
2 56
6 34
47 64
45 69
4 5
44 60
29 22
19 16
24 42
50 96
14 26
10 95
20 65
17 14
21 91
34 91
35 23
45 4
49 13
28 63
29 12
30 93
45 53
42 94
47 31
26 16
2 16
5 21
32 65
23 90
7 74
27 88
43 46
1 52
6 50
17 75
17 21
36 19
7 88
16 94
15 70
21 14
3 88
40 75
46 20
26 9
50 53
41 46
49 48
18 88
2 92
44 79
18 72
39 39
31 66
4 75
20 77
5 5
6 54
26 55
18 77
39 61
20 89
28 40
40 35
14 3
32 56
19 95
25 52
5 94
6 19
50 21
6 16
10 40
17 60
8 76
7 18
31 3
38 35
22 25
26 17
3 18
32 35
16 88
35 66
46 72
32 91
35 80
29 45
31 17
38 13
45 80
15 2
31 48
16 67
37 12
42 25
9 8
3 31
5 18
17 75
17 69
41 74
35 95
20 77
49 38
50 49
16 99
19 20
49 27
43 87
3 93
8 24
44 6
30 12
24 34
38 58
23 66
13 23
33 71
22 25
10 87
9 13
9 77
4 7
49 35
32 74
32 65
33 69
25 29
37 57
34 64
41 3
49 79
37 61
38 90
46 72
26 44
14 52
11 87
49 48
42 30
24 90
1 42
20 14
13 29
40 84
13 19
7 1
30 52
5 17
37 4
12 60
4 13
13 53
48 35
21 29
41 50
13 71
48 57
11 36
39 26
34 93
39 17
19 97
32 54
31 46
41 34
4 50
24 13
27 48
41 2
25 39
2 90
37 93
10 38
29 33
41 20
49 28
21 76
6 29
21 46
16 68
20 29
28 84
31 47
32 13
45 41
39 4
28 73
42 14
1 24
43 65
28 32
31 59
29 29
2 12
29 68
29 77
12 71
7 26
7 9
26 7
23 35
17 76
17 14
17 24
4 57
7 95
11 20
44 30
39 54
6 32
24 37
42 55
29 9
11 30
40 12
2 56
18 54
44 48
33 90
30 45
17 90
11 11
38 94
24 69
44 53
10 70
44 52
1 98
47 42
46 9
47 96
34 95
29 78
15 87
38 96
49 86
41 59
6 3
36 98
49 14
42 22
13 81
4 87
17 20
22 93
10 54
14 41
27 77
7 27
17 84
25 50
12 85
6 76
38 28
31 91
12 8
28 8
30 36
1 25
6 97
41 13
5 19
42 36
6 43
45 4
30 47
15 59
48 80
41 26
1 72
26 88
38 6
12 54
33 7
36 74
38 23
6 91
21 58
37 6
25 41
34 100
38 95
27 24
15 7
12 19
26 59
44 60
34 91
2 62
19 11
6 31
32 10
2 35
12 22
50 39
30 87
2 66
47 5
26 51
28 31
32 93
10 7
1 98
33 16
31 89
22 39
15 3
21 32
17 92
21 67
38 9
23 57
31 89
22 85
49 86
31 71
6 53
19 1
16 42
40 43
33 59
26 27
14 50
50 76
18 35
38 59
6 57
34 60
35 47
14 57
44 97
11 80
48 31
50 99
46 49
9 11
7 4
16 17
48 55
39 29
1 63
46 4
21 9
24 85
12 50
4 98
21 78
23 21
23 72
8 34
26 97
22 75
18 29
41 76
6 35
13 13
21 31
8 49
32 38
38 61
26 59
43 59
35 21
6 63
41 24
8 17
19 43
33 28
10 10
45 99
3 7
5 35
7 35
16 14
4 6
33 17
6 4
16 52
18 57
6 28
37 98
17 14
34 16
35 79
6 45
18 19
35 21
37 21
11 29
14 77
44 3
34 62
42 74
29 10
29 74
12 39
35 16
22 43
29 13
13 81
19 86
4 76
8 53
26 31
21 29
22 15
43 71
7 83
22 22
31 40
25 81
20 70
4 97
21 85
32 84
23 80
42 79
35 43
18 75
38 44
9 6
15 37
45 99
44 93
20 68
49 6
36 34
5 5
18 21
2 38
18 12
14 22
20 5
38 9
4 50
46 55
40 3
47 92
16 95
6 34
39 57
32 28
49 12
35 92
31 6
2 13
43 43
50 49
40 62
10 9
36 33
48 52
27 78
5 36
36 65
23 4
2 77
37 32
40 47
3 89
29 86
24 56
9 14
47 2
40 21
24 26
50 20
24 18
2 99
21 25
35 5
44 25
47 49
47 65
41 96
12 65
6 63
21 93
4 30
25 51
8 67
42 23
8 23
43 17
25 38
23 68
39 60
39 3
4 90
5 21
27 33
49 87
7 42
29 85
8 27
19 18
21 87
19 24
1 64
11 100
27 32
48 22
10 15
11 77
37 4
28 37
50 58
26 36
13 69
27 64
14 70
30 49
4 33
37 17
28 30
22 42
8 45
21 59
27 38
41 68
45 96
12 38
39 32
16 8
15 65
3 82
9 8
8 74
13 22
49 76
10 40
16 32
47 17
17 76
44 59
17 41
16 91
4 33
27 68
13 7
35 65
45 6
1 21
35 87
3 35
16 66
12 22
27 28
45 81
2 64
20 14
49 18
2 84
12 18
28 85
8 84
4 53
10 45
38 54
5 19
17 1
49 6
46 33
11 49
47 81
34 53
7 38
40 84
39 77
21 17
40 5
21 39
22 21
21 27
37 15
7 2
31 19
19 24
1 63
2 42
6 81
14 53
1 8
29 20
36 30
11 58
14 44
24 40
5 88
3 32
6 68
40 11
4 43
5 32
10 91
28 85
41 16
11 37
13 34
14 48
42 64
29 53
9 23
49 49
45 82
15 82
30 40
12 37
29 62
14 26
32 58
5 20
25 9
49 75
1 41
35 18
30 93
46 18
43 11
50 46
48 100
17 60
47 13
5 36
21 27
48 6
19 13
43 98
47 53
27 87
38 37
21 96
40 33
18 44
37 41
42 71
42 98
33 78
39 46
44 74
17 4
32 57
20 68
39 40
37 31
7 73
13 29
33 64
21 74
43 79
7 19
2 78
40 76
47 59
22 86
4 41
5 97
31 67
13 71
9 51
7 11
49 49
13 57
13 75
39 6
48 85
19 100
17 41
12 73
14 58
46 18
10 67
36 36
9 64
19 92
43 12
48 10
38 21
20 23
14 2
26 65
49 75
45 32
23 18
12 8
23 37
34 35
50 2
1 58
10 86
20 92
5 15
49 51
5 8
49 72
46 15
37 36
47 71
42 16
37 61
32 14
10 27
7 18
47 20
35 20
47 61
5 55
33 45
37 17
34 51
34 89
3 23
23 73
44 88
3 80
36 100
12 29
15 21
34 25
33 18
45 47
42 32
36 33
38 84
19 24
11 48
10 85
46 68
18 71
32 63
49 48
44 46
47 23
24 77
48 19
29 59
33 95
17 24
10 55
28 53
44 90
44 71
44 19
32 73
44 100
32 42
33 86
17 42
45 92
11 92
46 75
37 53
5 75
44 14
6 12
14 67
24 82
31 9
38 9
47 73
2 26
2 92
33 23
42 91
25 83
5 58
40 98
12 70
31 15
13 87
24 33
11 62
35 42
26 88
29 6
43 45
37 88
38 45
8 62
50 25
41 96
38 89
43 12
48 75
39 50
26 62
28 6
33 6
1 32
9 60
7 90
4 74
2 53
8 3
6 6
23 59
3 75
42 1
29 95
34 21
45 43
12 83
49 69
17 17
36 37
11 35
2 45
19 40
47 4
2 52
18 52
22 87
23 36
42 97
33 64
3 48
27 39
7 98
18 72
22 100
18 74
18 62
6 26
49 7
21 4
45 96
13 39
47 93
9 93
25 49
38 56
20 42
46 95
5 35
41 47
4 92
43 90
12 24
42 93
36 12
23 95
18 29
48 3
43 77
42 19
49 92
19 7
34 56
35 2
42 49
49 70
39 80
45 71
29 16
41 70
41 39
40 91
44 30
31 64
37 17
48 98
29 15
42 5
13 61
13 4
50 56
18 1
28 25
44 49
22 26
1 75
32 77
2 37
13 100
10 44
7 80
32 20
16 54
14 5
5 4
24 28
38 55
20 36
19 91
44 65
26 32
38 72
47 42
17 32
45 71
7 75
31 71
13 88
41 3
44 16
46 89
12 32
43 15
5 93
45 64
34 4
42 2
31 27
15 28
28 8
28 9
23 38
32 72
15 24
31 64
32 49
10 64
27 15
42 66
3 64
9 54
17 29
3 77
7 55
38 16
12 44
27 8
41 85
24 29
40 7
21 41
26 22
40 26
16 13
12 25
20 60
15 27
7 6
10 8
22 25
27 55
4 54
25 70
26 58
40 21
16 56
19 73
21 57
31 5
28 13
25 7
10 72
43 1
34 98
36 59
37 30
34 2
41 15
5 71
8 76
26 1
35 5
21 76
20 92
15 69
29 49
13 70
7 39
36 78
39 8
36 20
18 16
47 85
46 12
7 70
3 61
26 17
15 23
14 86
21 33
2 86
13 96
4 62
38 50
48 96
19 42
44 59
18 54
19 27
44 22
21 4
41 13
12 39
1 46
25 100
26 39
27 7
12 20
46 18
28 46
43 93
21 18
11 16
50 65
25 43
10 98
20 47
1 77
36 55
16 37
12 89
39 82
46 45
17 16
31 11
14 9
7 28
48 43
13 54
4 17
48 72
33 99
48 62
18 19
37 78
49 53
46 19
29 42
15 95
31 99
15 45
22 31
43 2
40 60
3 36
8 70
24 55
5 41
21 30
26 74
28 31
26 66
8 13
22 73
44 26
45 67
42 74
12 12
36 69
41 50
22 3
16 3
32 17
30 40
1 40
5 25
49 51
28 55
25 60
19 31
48 86
31 32
11 74
14 39
36 33
34 60
28 63
33 97
27 28
18 59
12 53
26 48
19 96
35 1
30 60
23 16
1 44
25 85
45 45
14 97
43 40
13 68
6 36
1 18
15 5
27 62
9 27
31 85
38 11
43 45
40 70
23 44
2 47
42 80
2 50
45 50
30 10
36 27
28 21
48 65
5 84
39 51
44 20
11 24
17 55
9 54
37 58
7 56
36 77
37 24
3 91
38 61
38 95
23 63
48 85
8 63
42 40
25 57
1 54
22 94
18 25
22 99
12 27
34 11
46 28
39 37
18 48
21 5
48 64
14 77
45 36
23 56
17 88
9 6
20 4
11 33
24 70
27 79
12 10
34 94
34 32
47 82
7 83
30 31
7 60
9 71
7 7
35 54
34 45
31 62
3 98
30 97
9 14
22 27
12 60
23 70
4 19
20 61
48 23
15 48
1 39
6 85
20 19
32 79
37 52
22 13
29 42
38 97
22 36
43 55
30 23
37 8
13 1
40 16
47 92
22 59
26 7
29 96
15 29
37 78
35 54
49 20
31 96
11 49
4 32
38 28
36 10
29 34
9 7
41 59
40 25
28 8
30 100
14 80
7 81
49 28
21 2
16 2
16 83
41 88
15 100
33 70
20 42
1 98
46 39
38 83
12 70
2 48
32 29
26 98
45 20
36 57
29 48
26 68
23 88
28 20
24 72
35 31
10 6
28 44
7 37
43 18
44 19
46 13
27 38
24 73
41 3
31 78
30 4
12 93
22 68
14 71
46 59
16 2
47 3
19 63
37 94
31 69
6 22
22 82
22 79
31 41
15 23
35 56
9 81
15 89
11 84
28 11
1 33
26 39
13 100
19 22
17 14
30 42
31 38
16 99
49 48
25 68
35 56
12 1
15 48
35 57
24 1
20 33
3 33
29 71
39 56
42 50
20 94
47 69
1 56
35 51
28 95
32 23
49 30
50 54
24 77
42 100
15 39
31 75
35 22
45 29
4 13
41 81
21 12
12 2
34 62
15 72
38 83
45 36
32 79
28 15
25 14
23 97
20 56
49 99
2 68
45 73
14 6
2 42
2 84
30 2
18 41
24 32
35 97
18 99
38 9
50 84
31 1
15 73
5 16
10 96
15 24
45 50
8 32
4 55
46 50
5 72
46 54
1 61
9 52
27 81
37 19
43 28
31 18
40 51
27 53
18 53
21 74
22 89
37 82
17 82
34 75
48 34
25 65
4 4
22 87
43 18
29 61
5 95
32 15
33 78
6 44
20 9
41 35
16 70
44 94
26 49
3 90
22 17
30 4
39 26
36 34
44 37
28 29
15 48
1 98
25 8
41 7
15 60
8 36
18 24
22 45
23 15
41 66
37 76
20 39
25 65
40 58
17 92
33 73
44 31
13 49
35 64
21 58
38 100
27 32
47 11
23 30
19 78
35 90
26 94
10 51
50 74
44 9
18 59
17 40
49 35
35 83
28 69
45 84
29 80
28 77
12 17
21 54
16 44
48 27
33 69
32 73
7 80
8 13
27 11
4 93
45 83
31 99
45 81
10 45
50 89
31 99
44 93
13 60
39 4
13 19
4 97
6 32
20 87
18 22
14 21
23 54
40 75
40 92
47 67
15 68
31 93
39 95
23 75
4 80
4 17
45 20
17 96
14 85
50 60
31 58
34 70
14 69
22 69
1 44
7 39
20 37
18 60
39 40
7 76
21 81
11 3
33 33
31 36
15 66
50 72
19 27
2 39
24 33
36 92
8 36
32 39
41 40
17 61
24 66
26 2
48 45
43 88
35 4
30 65
10 2
14 93
46 28
50 52
33 78
1 75
10 82
36 4
23 39
24 82
45 98
43 34
33 8
29 14
35 91
8 47
36 55
46 68
1 35
21 49
2 60
28 27
16 41
18 29
29 92
40 28
15 65
47 1
9 52
2 62
28 33
39 59
13 51
1 36
33 72
3 84
12 35
26 74
49 52
45 12
34 31
48 93
48 51
39 70
13 47
41 39
32 83
32 60
20 9
1 44
16 63
16 28
37 64
32 68
28 92
13 14
6 35
16 50
26 49
47 74
42 76
33 61
6 54
6 80
28 17
20 46
40 92
28 52
12 54
28 63
15 97
31 8
23 38
17 3
50 1
6 41
28 67
24 95
42 44
37 80
7 34
31 64
40 15
2 68
12 21
35 76
7 84
17 95
22 9
21 12
13 98
19 99
19 18
6 93
17 46
31 62
3 42
19 89
28 84
34 71
47 55
27 36
7 63
31 26
43 21
12 76
31 36
31 79
45 6
6 27
37 11
31 51
27 93
16 28
16 51
21 90
10 37
14 100
21 72
38 27
33 7
50 67
14 62
14 51
27 28
6 82
35 2
50 49
2 100
6 12
40 83
17 39
3 13
17 68
37 41
24 9
8 80
24 29
35 67
25 54
45 26
19 91
33 50
26 44
13 21
39 46
44 88
26 53
17 69
17 45
38 98
13 30
30 96
4 45
8 65
3 49
46 88
43 14
27 65
8 31
49 41
12 36
26 99
32 86
16 56
23 86
7 11
5 22
49 95
12 57
6 73
26 33
15 11
2 85
32 58
7 60
38 98
37 7
5 81
48 49
31 74
15 60
11 52
33 64
39 1
37 29
34 50
34 6
11 2
26 46
40 13
28 13
26 32
12 18
39 45
13 10
1 78
32 7
45 5
19 100
21 38
23 17
35 72
6 91
37 23
46 66
12 20
19 43
35 81
29 75
4 22
32 25
11 9
30 90
49 82
22 53
32 46
44 98
1 39
39 47
23 6
31 49
13 95
9 79
35 64
18 63
36 16
10 47
21 85
27 69
45 2
21 6
41 63
44 70
5 88
40 7
45 100
12 8
6 20
37 85
13 53
13 53
18 43
34 18
6 75
48 78
36 55
24 76
45 73
5 71
26 58
25 45
22 80
46 37
50 52
36 42
33 64
33 55
2 28
17 90
10 96
21 58
30 91
2 59
34 17
40 2
41 1
15 36
17 13
15 16
43 58
31 9
39 91
2 35
30 44
33 67
10 13
28 5
23 91
23 64
42 96
3 1
47 31
15 70
13 6
46 82
16 11
21 95
2 47
35 81
32 22
28 88
19 39
34 100
16 90
30 92
26 14
47 86
20 57
30 33
10 94
17 24
35 91
42 89
42 79
26 1
8 68
44 79
29 24
7 33
19 55
25 22
28 52
20 22
13 85
48 72
46 49
16 2
48 72
45 44
42 91
48 26
27 86
37 43
20 85
29 59
49 71
24 19
29 74
49 69
9 40
48 96
28 16
1 23
37 71
24 26
4 12
27 20
34 53
15 78
25 89
25 28
14 91
14 9
17 5
8 85
1 41
14 8
44 10
4 69
22 21
32 1
33 41
24 79
7 15
9 97
26 8
24 80
23 54
29 27
8 42
21 74
9 8
19 41
44 78
1 71
40 69
22 3
18 61
21 87
41 89
13 11
1 65
29 22
11 56
29 82
29 93
6 88
36 40
24 70
41 75
42 60
42 40
29 82
13 55
18 58
22 12
42 82
20 99
34 59
23 63
23 62
45 54
50 74
10 99
33 8
19 10
16 39
44 91
12 83
41 12
23 2
45 64
48 90
3 52
15 16
9 88
32 89
4 73
19 4
47 90
39 82
1 36
33 85
44 30
45 15
13 53
23 92
12 55
40 86
20 62
38 96
40 29
32 63
20 98
26 83
34 21
14 34
15 33
30 47
13 36
41 33
14 56
42 61
33 11
20 38
1 96
10 28
37 30
20 47
41 77
31 32
19 63
28 28
25 88
41 36
16 35
24 40
25 98
28 55
28 81
43 37
16 39
28 89
4 23
8 50
20 57
37 63
1 27
8 65
46 46
47 46
46 96
32 11
41 87
40 51
32 49
35 37
36 75
17 76
10 11
46 11
34 1
25 90
25 62
37 41
27 24
42 15
40 46
16 50
1 60
43 44
35 14
46 13
48 64
13 63
41 93
38 64
29 24
45 52
20 60
41 96
50 51
26 88
42 9
12 13
7 97
34 5
13 99
48 88
6 38
25 79
46 77
44 72
49 38
10 48
33 64
38 42
24 18
25 100
14 79
32 26
18 58
19 7
26 29
1 7
24 25
12 39
23 94
33 48
22 58
8 67
47 41
50 78
31 84
19 5
44 81
25 28
41 47
41 49
12 50
10 88
9 66
23 85
43 79
10 43
2 55
20 27
4 47
45 55
10 40
7 62
28 75
14 87
1 68
30 72
49 34
47 7
5 37
40 11
30 55
15 90
26 99
8 45
13 8
47 56
34 26
49 12
43 31
22 3
28 69
15 63
41 28
23 68
4 46
23 10
31 96
49 39
45 48
20 8
21 93
23 69
45 62
16 87
35 61
22 99
49 27
33 34
10 85
8 57
7 10
38 47
36 65
5 26
22 74
35 89
26 48
20 97
38 99
22 82
21 22
42 9
43 81
22 52
43 75
1 9
20 28
4 74
49 54
30 18
12 51
17 84
15 58
46 95
25 88
24 85
9 29
26 7
13 71
48 82
35 25
45 61
31 17
25 34
24 7
6 43
44 88
28 2
5 22
40 48
25 68
27 94
31 91
31 76
29 73
43 60
14 29
46 81
5 18
7 40
47 55
41 75
20 23
15 83
22 6
4 91
5 26
14 10
42 95
11 78
27 79
35 62
24 79
13 91
38 4
43 87
7 81
30 90
26 93
11 33
23 79
31 20
50 92
9 28
28 65
39 65
31 97
19 60
36 77
6 61
15 65
5 27
46 59
48 33
3 85
4 81
3 73
19 95
32 77
20 44
50 57
2 2
13 99
7 58
17 46
15 6
19 50
28 90
47 84
20 90
41 24
22 96
42 95
36 93
6 26
35 95
30 99
43 67
8 60
10 65
32 94
43 17
43 44
21 33
44 27
38 6
10 36
42 18
14 16
36 92
26 94
11 85
49 75
16 27
16 54
36 84
49 39
24 69
32 14
33 90
19 89
7 66
26 94
37 58
10 97
5 69
5 4
32 19
48 22
39 51
12 13
27 72
12 17
47 18
17 59
2 84
48 87
2 24
6 13
17 60
23 77
33 35
33 45
44 62
10 39
41 44
29 95
32 86
17 2
29 78
33 82
38 26
26 70
5 21
36 60
31 78
50 75
41 82
37 100
13 83
7 91
17 43
38 89
26 64
18 58
39 65
12 40
26 41
47 85
3 68
37 7
30 40
7 34
35 3
40 89
36 66
5 50
43 5
40 43
15 51
20 9
18 45
9 35
29 16
18 87
15 30
35 12
35 21
47 38
34 26
2 63
21 62
40 89
47 79
16 24
10 37
2 57
28 76
20 35
7 76
7 6
32 2
18 64
43 69
4 89
36 14
39 17
6 38
44 59
35 39
30 25
1 58
30 98
37 29
41 51
13 10
30 52
6 95
11 60
29 26
49 57
32 60
27 40
27 82
16 83
12 26
29 64
16 22
30 55
24 53
42 83
41 75
39 16
14 30
48 87
8 96
47 61
7 6
24 7
6 51
29 87
10 77
14 60
28 12
27 20
45 84
18 99
13 26
20 67
50 97
29 95
42 100
23 22
28 75
41 71
25 59
5 39
24 12
28 63
40 62
4 28
11 86
8 65
25 51
29 70
50 20
21 27
25 90
6 73
12 91
8 46
42 59
39 39
19 8
41 62
2 94
28 8
18 18
27 31
48 10
39 64
3 98
24 28
25 64
40 55
21 50
36 36
49 69
17 25
27 44
35 68
43 47
15 3
27 93
41 79
23 66
29 86
17 27
15 61
8 46
8 44
3 88
30 77
32 17
12 92
18 32
47 98
29 87
5 51
46 13
43 61
23 80
17 88
2 87
2 76
9 14
28 83
33 6
38 28
50 67
48 98
41 11
17 47
18 13
27 27
9 71
48 44
6 33
21 28
6 10
12 18
9 71
36 66
40 22
42 90
10 92
49 18
44 96
23 78
22 91
5 24
16 90
3 90
49 13
50 7
17 16
36 19
49 64
46 93
8 37
44 91
38 43
32 39
26 77
28 97
12 71
33 90
20 33
25 14
39 95
46 39
32 48
16 5
5 34
4 96
1 53
43 58
4 19
47 15
8 52
3 41
40 37
38 96
6 68
48 40
1 34
25 16
45 21
44 63
7 38
37 2
19 96
18 50
26 6
32 99
4 75
9 3
31 37
14 71
21 2
33 21
43 96
33 92
14 67
28 4
39 40
27 78
37 97
10 81
5 68
29 38
49 88
3 81
14 87
37 13
30 42
4 26
36 6
24 90
42 5
48 76
33 47
33 48
13 85
19 21
26 65
15 62
29 59
11 97
48 18
31 20
49 98
40 7
13 43
33 88
9 34
19 92
2 68
44 95
12 76
4 41
23 4
15 49
11 8
28 32
6 32
13 44
5 29
3 74
47 84
18 26
11 73
41 32
35 64
15 11
25 94
35 45
9 62
15 41
1 77
47 39
19 54
36 53
34 49
49 51
31 3
35 29
3 78
33 77
44 66
5 100
11 96
40 28
19 7
20 73
49 27
32 85
26 70
38 86
43 76
43 94
2 79
27 55
26 60
32 46
5 61
4 83
41 71
47 12
40 46
28 31
27 38
16 53
34 10
27 96
29 56
27 9
31 7
13 66
7 19
20 5
32 21
11 45
42 52
18 46
37 8
50 83
22 60
24 63
50 46
26 21
29 61
8 83
2 50
11 15
38 59
48 69
17 77
1 64
8 94
17 64
23 86
7 72
20 84
4 74
34 42
24 17
11 89
20 86
31 25
50 22
41 65
37 71
6 12
33 11
36 69
49 59
42 63
30 99
4 7
17 51
11 18
36 91
29 21
48 83
15 74
32 97
29 66
12 56
47 68
30 94
42 48
18 29
12 12
37 31
31 69
8 9
16 32
47 35
32 15
31 58
47 88
43 58
29 78
1 38
22 67
7 4
25 8
33 49
5 8
16 33
23 26
38 79
39 15
5 1
9 8
27 17
10 47
46 51
8 82
29 3
33 34
25 3
45 29
33 49
21 77
24 49
8 31
27 46
9 18
38 9
19 13
47 56
45 92
19 18
16 34
41 82
36 35
37 73
46 85
50 44
50 82
10 70
42 20
25 88
32 85
41 46
24 5
46 95
46 5
3 54
22 25
33 14
27 53
50 72
44 99
37 55
1 84
25 58
48 12
32 51
3 46
41 29
37 84
12 96
14 84
4 46
38 15
43 9
7 72
33 96
49 5
6 11
18 53
31 41
28 86
33 96
21 35
26 81
38 33
4 28
40 77
34 71
3 44
44 24
6 50
4 62
39 87
2 79
32 67
38 66
42 44
8 79
24 75
46 67
50 49
39 35
18 1
21 67
3 82
41 86
20 30
4 62
41 14
36 81
44 59
3 2
18 19
7 40
21 2
40 87
41 89
10 89
47 34
50 46
39 54
32 33
31 53
32 54
18 59
1 81
2 86
17 94
21 22
46 90
15 27
44 37
7 82
32 16
32 23
25 49
26 57
19 10
12 42
10 5
43 28
7 47
5 51
50 56
48 61
1 80
33 78
29 53
37 38
29 91
23 19
45 49
32 3
41 23
27 69
2 76
47 56
47 56
5 29
50 21
22 14
43 23
10 74
20 26
34 41
31 30
46 40
35 27
6 77
37 32
41 37
35 89
39 86
4 23
25 80
45 58
22 37
3 87
37 13
5 94
18 43
42 25
16 80
3 46
27 63
32 67
29 57
14 1
42 94
25 28
23 41
24 59
29 49
1 15
34 24
9 94
5 39
32 63
34 11
9 63
39 100
6 95
9 96
34 31
20 14
35 82
8 52
18 10
13 49
30 80
31 84
14 96
8 71
25 39
6 90
44 28
21 34
1 30
15 77
47 33
10 22
16 17
19 95
6 15
22 77
32 93
26 29
16 25
50 21
5 100
20 7
24 4
3 48
12 53
27 49
42 18
1 67
29 23
15 29
46 19
14 66
40 3
17 40
33 46
35 48
47 19
12 62
11 78
50 34
35 51
47 12
39 94
4 41
24 63
29 56
16 22
18 41
32 54
10 43
37 68
21 6
18 26
35 92
33 98
8 17
29 9
43 37
23 50
10 90
29 26
40 80
19 65
40 31
40 83
23 51
48 21
13 29
9 4
47 42
43 10
4 56
38 100
2 99
26 6
4 85
38 47
48 32
12 25
31 28
15 82
16 93
25 24
37 85
10 73
7 36
42 89
42 72
25 94
5 1
20 58
31 5
33 68
47 77
20 64
43 4
43 98
16 16
31 18
4 78
21 89
48 54
14 6
24 35
25 55
6 82
27 89
32 65
21 1
43 14
29 45
43 80
20 73
44 39
41 27
41 10
1 68
4 89
40 30
44 80
32 54
48 71
22 4
16 94
22 17
23 68
38 74
2 49
43 1
10 18
29 79
33 27
45 100
49 17
20 17
12 85
11 67
43 100
5 21
44 54
24 11
45 29
3 21
1 91
20 94
50 25
9 60
10 71
21 50
13 70
25 67
25 48
2 18
24 73
20 72
9 31
37 83
11 95
28 96
28 71
16 54
29 36
21 89
20 50
22 55
10 22
14 88
24 38
9 41
42 31
16 16
45 27
38 99
20 93
14 25
14 24
12 31
21 97
13 71
42 37
41 16
41 30
6 35
5 13
17 98
16 26
18 64
45 9
4 42
19 69
23 46
7 85
48 4
22 44
46 66
28 18
47 7
47 13
40 16
43 85
34 31
38 29
11 98
30 50
22 92
26 48
32 58
6 44
17 52
19 20
43 9
29 41
37 30
3 86
10 83
45 43
37 32
44 67
21 38
32 27
25 2
26 21
2 17
47 85
22 17
28 38
3 86
37 35
17 51
12 90
13 55
7 41
37 13
31 63
9 18
25 25
41 55
38 71
33 41
44 59
46 33
39 60
44 59
31 95
43 40
47 24
25 78
31 76
27 34
36 54
12 38
25 87
47 68
46 70
24 42
16 52
20 15
21 81
4 88
49 1
31 11
33 1
7 59
24 22
50 88
44 66
6 64
36 16
29 9
15 75
3 39
43 40
35 15
22 81
42 86
44 20
50 59
9 14
41 66
40 98
17 47
23 70
44 88
38 13
28 27
6 19
23 8
9 4
37 58
3 83
25 49
16 52
21 2
7 12
40 96
34 46
15 14
35 35
16 1
47 77
42 92
21 26
46 32
50 91
46 24
18 45
18 68
45 83
26 94
26 27
47 9
46 1
47 66
35 88
26 78
34 5
37 28
8 91
23 68
10 68
47 15
47 51
18 68
35 67
50 63
22 86
3 72
27 44
50 35
36 13
37 19
39 30
47 75
47 65
38 88
18 45
18 73
20 93
38 48
28 10
5 68
12 72
8 10
23 67
11 42
45 68
20 38
9 36
35 11
23 26
5 62
47 23
30 73
40 100
30 38
21 56
28 16
18 69
29 64
20 87
27 5
12 87
27 60
6 85
2 36
2 19
46 19
10 48
29 9
33 96
17 89
11 25
45 56
22 33
22 74
8 82
49 46
47 57
11 66
14 54
25 37
24 39
2 53
40 69
9 7
25 21
23 77
18 31
34 31
21 85
31 40
38 1
31 72
20 11
9 90
28 76
48 32
39 27
10 18
33 16
39 30
32 40
10 8
27 69
40 65
32 75
4 28
1 80
20 59
10 55
32 50
46 89
14 64
9 14
24 13
14 62
26 7
42 36
6 29
21 71
6 49
32 55
14 54
34 19
23 92
32 74
27 53
14 11
22 78
6 41
30 71
11 36
20 26
17 72
12 25
14 35
47 59
33 41
30 97
36 24
18 66
41 63
5 24
47 65
31 85
15 3
18 39
44 36
12 7
8 48
5 53
39 89
15 40
8 27
8 75
13 45
38 3
6 100
36 4
39 100
23 54
31 85
22 93
7 53
21 93
48 62
10 39
13 89
13 97
38 46
49 71
20 20
38 69
16 46
42 10
24 56
10 50
27 89
7 93
40 51
19 51
5 77
43 96
12 6
41 92
39 18
9 53
49 65
27 78
42 1
8 59
9 23
44 8
44 13
49 18
43 43
10 21
12 74
35 12
40 33
15 35
9 45
2 43
40 24
14 24
30 33
8 59
5 85
12 23
20 5
25 83
37 62
50 58
37 12
16 73
24 57
18 34
35 30
34 47
11 33
11 31
36 78
5 36
24 55
10 54
3 66
24 27
36 98
10 46
13 50
18 70
45 21
1 8
40 100
48 15
22 31
23 100
35 86
36 19
47 40
14 21
9 98
22 59
43 49
32 26
4 76
1 94
13 83
45 31
46 13
3 95
31 13
1 6
28 65
12 40
20 97
7 64
18 74
3 51
50 7
9 10
22 100
4 73
3 79
11 25
44 35
20 65
24 77
37 45
11 4
1 71
36 97
48 59
27 64
7 30
44 56
27 62
6 46
23 55
46 30
13 30
25 43
19 46
49 100
49 64
33 3
48 52
1 31
46 75
48 92
4 68
10 27
9 85
37 31
27 25
45 92
23 30
14 75
49 21
12 78
48 56
11 36
34 96
48 89
41 33
36 87
23 46
16 34
44 41
46 11
46 39
14 81
7 10
37 86
45 94
27 11
8 81
4 94
19 36
10 17
29 14
49 48
24 13
47 35
14 7
8 31
25 41
19 78
17 22
44 40
35 67
15 100
28 25
29 83
14 36
23 46
41 13
12 62
1 26
38 73
46 30
19 61
44 65
17 82
44 93
18 60
31 47
32 95
45 3
8 62
24 15
25 51
34 54
34 33
45 26
27 11
11 53
25 48
31 3
41 42
44 23
35 34
13 99
7 29
19 74
41 51
24 44
43 77
30 6
16 84
21 81
45 72
45 4
19 29
42 63
11 57
12 72
48 36
6 97
43 57
42 65
47 33
17 71
41 40
44 13
44 31
35 7
31 45
45 2
40 33
26 32
15 44
39 81
30 84
4 47
34 84
12 88
6 63
19 37
5 27
26 70
20 50
29 30
13 78
26 20
43 94
16 8
2 62
19 55
21 38
13 44
23 86
27 47
47 35
10 69
26 46
29 52
19 18
16 97
30 62
13 57
25 44
41 12
30 12
37 90
21 83
14 51
35 58
41 1
3 96
9 78
28 85
13 65
4 29
8 8
43 88
32 7
12 24
20 8
15 39
34 78
27 20
42 88
32 59
27 93
45 94
26 99
21 39
46 40
26 45
25 1
45 82
5 85
28 20
21 62
12 98
30 4
29 71
1 74
45 50
48 7
31 89
17 82
24 34
42 32
29 75
38 4
41 73
7 78
34 28
37 48
8 27
20 97
14 1
41 73
40 71
41 7
48 8
6 44
47 72
28 60
3 71
43 16
28 54
37 64
40 33
12 57
12 78
6 35
40 66
30 48
50 69
5 69
18 10
5 8
46 100
18 75
10 23
18 9
26 55
41 4
29 77
34 79
29 9
29 1
30 18
50 65
25 69
49 9
50 34
23 15
31 50
33 96
6 60
22 7
20 29
42 68
50 6
30 53
5 74
37 51
3 20
15 19
49 71
36 29
22 16
46 48
12 85
8 77
25 43
46 36
30 5
27 26
28 62
1 86
44 72
42 72
12 68
49 15
18 59
5 49
28 25
17 52
27 21
8 31
4 24
7 95
1 69
33 63
42 1
13 6
21 100
26 42
33 17
35 29
34 23
37 60
6 80
10 36
33 31
48 75
36 76
8 1
18 54
45 33
41 20
40 58
47 42
31 90
20 14
33 15
43 97
34 14
24 5
28 75
8 38
40 86
16 47
33 69
8 16
30 4
2 100
15 75
8 18
19 57
28 95
19 79
45 66
39 61
6 92
25 66
32 83
47 8
11 45
43 83
18 46
25 50
22 53
39 23
24 20
36 79
13 96
48 3
11 87
2 44
17 14
6 11
37 68
31 81
33 17
22 3
4 14
36 28
14 13
5 38
46 91
43 75
50 93
36 75
22 6
15 25
43 14
47 59
7 18
2 36
23 10
44 17
29 11
5 4
13 1
29 64
12 83
12 34
19 13
38 71
49 47
22 47
7 33
44 13
22 78
4 37
34 50
43 26
1 44
46 25
34 57
37 47
38 23
11 12
50 93
31 73
17 24
2 92
17 14
11 36
19 17
13 42
18 17
48 88
31 33
21 17
44 19
14 85
40 44
16 82
26 3
6 52
21 61
28 98
6 51
15 28
7 85
28 29
23 88
40 49
8 17
19 95
29 68
11 11
25 25
22 56
34 73
41 58
48 20
7 33
45 55
28 11
24 29
41 3
24 58
12 28
40 77
19 44
12 17
27 38
12 20
27 25
24 100
41 5
34 62
30 99
46 78
22 64
7 81
45 49
1 22
17 30
50 24
44 9
31 20
25 17
18 29
12 59
41 29
21 62
7 23
12 11
12 14
1 84
36 72
27 88
37 33
4 76
14 73
45 64
47 8
29 65
15 94
23 67
16 74
1 78
17 71
36 73
33 10
21 56
25 5
18 44
14 57
30 53
50 47
4 4
48 100
31 92
34 60
3 38
7 34
17 4
17 79
46 80
4 31
19 16
30 99
5 26
38 23
21 42
44 21
14 20
40 78
48 15
7 48
38 61
10 85
48 64
37 50
18 48
40 72
36 33
17 11
50 41
39 86
12 57
43 42
29 84
30 57
41 83
46 98
49 15
50 19
45 20
5 50
45 57
33 70
6 6
45 87
29 19
47 62
38 13
50 22
32 15
1 72
30 93
19 65
28 26
37 72
7 91
46 87
37 12
31 41
37 7
28 6
41 57
2 17
24 70
29 79
4 30
13 38
15 21
2 7
46 38
48 45
47 51
32 51
50 12
19 46
19 27
44 98
27 28
40 71
7 26
30 62
30 93
5 77
31 15
1 65
41 27
33 70
24 67
50 16
25 26
41 65
30 16
37 52
27 1
7 5
46 77
26 12
9 72
46 79
20 22
18 68
5 17
35 99
48 74
25 58
30 45
16 42
10 51
21 24
35 47
42 34
14 70
1 45
28 43
14 2
20 91
7 41
21 100
21 2
22 6
20 76
49 38
25 17
5 36
45 2
17 10
50 75
6 20
30 71
23 36
31 19
50 48
35 75
33 10
15 21
16 2
29 98
37 44
44 63
41 54
23 29
35 31
50 20
34 96
19 4
7 46
39 9
28 29
39 11
24 11
31 6
37 1
43 69
43 73
4 78
11 7
36 5
3 51
11 57
36 57
39 84
17 37
8 47
29 10
35 87
32 79
34 33
42 44
38 34
32 42
41 34
5 8
12 76
10 43
29 54
38 82
44 68
24 97
48 15
16 28
18 27
42 55
42 73
8 85
35 83
43 68
23 42
11 88
3 38
25 57
24 65
3 41
22 24
38 23
34 11
8 94
33 21
17 51
12 32
37 21
12 81
15 23
42 9
35 81
41 3
26 49
25 17
46 56
12 85
37 22
36 15
31 97
46 35
2 78
10 56
39 19
36 33
23 77
25 58
14 76
36 46
28 20
43 12
42 47
42 94
39 35
41 33
36 87
20 28
47 47
41 62
40 25
25 26
47 51
21 27
32 55
29 21
17 40
11 47
49 67
6 23
28 78
35 86
14 30
38 34
49 31
30 21
2 68
7 57
12 11
10 50
13 21
4 7
38 62
45 4
20 54
47 67
8 39
31 78
30 18
36 32
11 24
37 17
12 17
36 4
32 77
7 82
38 31
23 77
5 38
32 55
46 41
20 6
19 1
16 64
6 99
36 1
48 15
5 97
3 72
2 52
8 69
11 77
15 53
29 61
9 88
45 42
2 75
29 73
29 65
19 87
26 92
20 81
33 85
48 12
43 2
28 71
12 97
9 60
11 15
38 40
35 43
12 48
25 42
50 73
47 63
19 74
5 44
16 91
25 60
25 2
46 49
11 5
17 60
48 26
3 100
34 60
35 9
13 45
49 7
5 82
45 15
17 58
44 98
37 62
35 3
48 23
29 41
3 97
11 100
43 70
5 42
41 70
9 79
49 45
20 29
35 90
5 70
4 36
25 18
42 64
26 64
44 83
23 25
41 88
12 4
38 28
25 22
3 93
41 23
38 37
22 8
38 23
25 41
35 53
38 36
3 76
11 14
38 65
36 65
14 52
33 86
4 53
27 71
19 71
1 16
29 54
10 22
49 52
41 34
36 46
3 28
9 50
24 78
39 7
43 89
45 1
47 15
47 49
39 65
4 18
34 82
25 78
46 91
36 4
32 75
48 48
4 44
1 64
31 72
32 58
26 35
40 42
26 10
44 44
23 87
21 29
32 59
35 90
25 97
18 68
27 72
41 46
35 70
17 24
2 95
45 86
35 28
32 6
27 19
50 52
15 97
43 43
31 74
34 10
47 22
39 23
36 88
12 88
48 52
5 12
33 45
6 23
48 23
24 31
21 90
18 83
38 68
16 31
13 13
9 45
20 72
9 85
2 69
5 13
42 33
32 38
6 41
5 63
48 67
49 81
42 74
34 70
20 35
23 57
47 13
20 43
45 4
14 60
2 24
46 15
50 62
26 100
25 100
44 37
48 28
20 96
8 12
11 31
26 69
34 50
30 91
39 82
4 25
9 9
32 5
35 31
21 27
47 71
1 96
11 89
21 46
4 15
40 30
15 46
18 2
31 96
36 95
43 42
38 80
49 12
41 69
11 17
36 39
16 100
7 26
25 30
50 76
2 46
20 19
20 53
46 83
48 76
39 15
34 14
1 45
18 45
23 79
43 45
17 60
23 3
6 91
35 67
3 98
27 85
32 82
44 63
41 75
31 87
19 15
9 24
49 40
33 20
6 55
37 10
48 45
33 72
12 51
43 53
36 13
46 13
3 21
8 21
5 73
36 68
26 50
37 47
44 88
1 63
15 93
31 38
49 23
2 20
11 84
35 58
25 12
45 8
34 5
6 29
4 3
45 71
26 48
47 32
22 71
22 5
19 5
42 25
10 54
26 49
40 1
35 59
33 7
35 7
39 21
12 11
30 23
41 26
31 73
34 86
20 56
35 32
38 61
31 56
15 39
27 11
29 89
44 7
7 49
6 10
1 85
28 27
29 21
46 64
11 39
32 20
12 49
7 5
3 65
41 3
40 97
41 83
20 27
13 91
9 70
42 20
15 56
18 49
16 62
36 72
31 60
17 86
35 50
42 60
46 41
30 11
2 23
50 37
10 37
28 25
46 19
10 2
50 47
48 95
11 56
48 31
24 78
26 14
49 89
1 98
13 76
48 63
13 44
5 33
35 10
11 73
15 95
34 93
21 22
18 94
33 51
28 98
3 100
30 62
41 49
35 29
8 10
45 91
10 24
50 41
20 30
43 82
48 32
26 92
3 84
33 65
25 69
6 72
18 16
27 64
44 68
34 52
49 17
25 76
25 87
20 45
19 26
7 93
9 12
19 37
14 5
39 52
2 29
28 82
17 97
49 68
45 34
37 76
47 13
50 46
45 58
24 17
9 22
32 67
35 35
35 44
8 3
44 53
22 96
43 63
25 66
43 25
50 51
17 38
30 21
28 42
39 78
12 57
32 95
6 70
30 52
2 15
36 21
16 29
13 56
40 16
32 98
42 84
34 4
5 81
16 36
6 29
1 69
15 92
21 96
24 41
15 85
9 42
30 64
16 52
8 60
25 54
13 91
6 47
26 23
41 31
2 52
3 43
32 37
35 4
22 29
28 66
24 64
16 90
33 18
19 31
19 20
12 37
5 76
1 97
31 68
43 60
31 56
49 45
45 70
1 57
24 38
31 92
50 72
4 35
5 40
46 82
37 57
20 73
9 24
5 5
35 19
22 26
40 73
35 86
49 20
3 67
36 21
11 28
45 88
26 66
39 23
13 24
27 39
44 78
24 77
18 54
28 62
5 23
24 58
25 15
31 87
26 5
15 39
30 83
28 37
29 57
13 25
49 47
35 73
23 24
3 81
15 68
33 97
46 24
25 90
2 30
33 60
44 91
37 24
44 1
19 28
13 62
36 41
16 52
40 40
23 77
27 41
40 93
32 10
24 20
39 62
6 56
9 30
13 61
11 45
32 97
10 18
46 43
31 72
36 90
11 24
43 8
40 4
12 76
8 81
9 39
44 21
37 59
29 52
27 66
28 76
17 92
9 87
7 50
13 35
17 10
43 1
23 4
18 73
43 94
14 42
2 57
41 17
5 95
11 81
11 98
3 25
26 17
29 97
50 48
41 69
16 88
4 41
3 84
39 62
31 57
10 4
18 84
29 45
11 65
25 57
6 27
14 28
29 72
14 63
43 99
33 38
2 85
5 25
5 92
19 71
42 31
49 28
17 89
9 28
50 45
1 59
10 32
23 18
13 23
50 83
36 78
33 64
19 73
3 17
31 51
15 87
19 37
49 52
44 50
49 91
35 52
49 57
13 95
1 60
43 33
33 80
16 5
7 88
27 21
8 52
30 93
4 75
31 32
8 7
47 75
12 74
39 61
17 51
20 41
3 27
19 36
25 85
19 53
47 60
5 96
20 38
47 96
47 6
29 84
9 1
9 3
18 86
10 93
16 30
33 24
5 54
23 61
10 84
9 4
33 60
34 91
34 34
47 19
48 88
16 72
5 44
31 33
33 3
48 1
32 50
24 72
25 41
28 86
1 88
1 72
2 98
18 76
21 28
47 36
13 12
36 62
28 30
29 8
49 79
29 74
16 51
33 47
7 95
32 25
46 68
37 56
40 46
16 20
34 64
11 86
8 17
41 94
15 20
3 29
36 19
40 34
41 86
7 27
39 88
26 91
49 77
20 19
24 62
21 100
13 21
36 20
40 32
20 41
11 33
8 69
42 43
2 92
13 27
20 69
27 52
47 73
48 90
5 70
39 49
26 64
36 45
30 87
39 51
49 46
14 92
14 89
13 88
4 89
45 33
47 59
37 83
6 46
37 79
45 92
49 40
30 84
15 47
10 53
24 28
37 59
18 26
14 85
29 89
38 38
25 38
35 9
34 73
12 20
48 13
32 69
46 31
38 67
45 45
36 43
20 98
42 90
23 62
36 75
25 27
18 67
47 53
21 38
42 61
32 85
25 48
44 6
17 27
40 39
18 41
22 63
29 10
25 32
22 73
24 65
27 100
14 15
50 2
38 32
17 59
33 92
48 33
32 88
36 5
7 42
1 33
2 42
20 54
9 50
7 11
23 14
27 37
35 76
30 83
19 29
21 85
40 21
10 83
39 15
41 40
50 16
43 95
35 15
12 9
19 34
15 66
17 6
11 79
22 12
6 42
30 61
42 23
50 37
30 1
9 66
36 4
11 87
32 91
29 88
30 90
35 60
3 96
26 61
9 98
22 48
1 53
16 78
32 9
45 64
33 75
2 74
47 38
30 15
44 78
21 45
35 33
22 14
13 26
37 14
8 57
24 33
47 85
48 38
31 26
46 22
23 2
28 72
1 94
28 80
24 79
9 93
17 79
26 94
31 43
12 7
14 71
22 98
22 72
43 69
24 32
1 59
30 3
35 51
26 31
15 38
28 35
7 54
13 55
38 82
21 30
20 28
41 43
16 41
5 51
32 16
43 87
7 43
18 5
39 71
29 3
23 66
36 16
30 87
30 87
21 63
3 76
32 58
41 23
10 46
32 89
44 19
37 38
20 22
14 14
13 49
19 19
10 30
30 96
45 25
19 20
9 94
41 48
15 61
5 75
13 92
37 68
21 72
7 21
48 97
20 44
30 49
8 82
19 11
25 3
29 93
1 71
49 61
47 9
3 14
15 75
6 93
48 1
29 97
20 41
49 96
23 86
15 26
10 16
31 63
44 96
23 41
5 65
23 48
40 82
30 79
17 52
42 5
10 15
16 77
42 30
10 8
22 69
26 77
18 21
47 70
11 30
6 16
36 17
20 88
11 2
35 87
1 96
17 43
14 53
6 54
26 94
13 13
35 15
42 24
7 2
48 99
9 37
2 71
47 73
48 54
12 35
23 38
43 30
42 75
24 27
3 44
1 42
31 50
18 62
12 45
22 7
8 73
30 40
20 30
50 27
41 83
13 87
38 68
44 68
27 44
31 39
41 79
50 66
34 62
5 74
13 66
49 20
17 48
22 4
17 44
20 46
46 68
43 90
1 76
48 30
11 44
44 36
48 80
49 90
47 49
49 18
10 88
47 83
36 22
38 3
41 78
4 51
37 54
45 40
49 100
8 91
29 60
24 40
18 97
15 12
2 62
24 31
25 12
4 95
27 59
12 34
11 99
9 57
14 59
43 53
43 38
3 83
37 25
31 91
42 28
31 80
44 92
19 49
29 34
15 13
29 100
19 27
29 90
26 27
11 76
44 25
28 2
6 27
35 77
10 4
26 38
32 66
32 48
41 84
39 29
35 61
33 36
39 64
16 65
21 67
27 3
41 90
34 35
21 83
14 88
45 57
38 68
11 42
46 51
44 31
40 56
48 49
10 24
30 91
41 81
23 53
28 15
45 24
15 99
9 68
10 21
49 3
38 70
24 44
39 38
25 32
25 86
24 88
10 92
10 80
38 81
24 2
2 52
18 22
47 28
28 74
6 39
13 20
6 76
1 88
9 49
33 93
25 19
16 19
6 14
41 14
27 6
35 23
32 72
50 84
14 52
33 26
3 95
23 83
3 34
18 1
3 4
15 93
33 85
14 61
2 54
10 20
42 92
35 29
17 68
4 96
33 60
38 91
50 54
17 8
46 7
14 37
6 22
18 24
5 66
36 9
9 97
1 69
42 74
44 94
32 82
44 26
6 68
25 46
34 36
1 48
10 80
4 90
16 32
28 75
37 62
44 98
8 74
50 93
8 2
26 3
22 11
47 87
10 30
47 60
41 16
42 39
50 71
2 94
13 6
15 4
2 60
20 34
39 10
23 59
47 72
42 74
50 23
23 39
4 90
35 14
31 34
15 88
49 53
44 3
13 37
35 21
18 72
28 18
39 74
25 48
45 8
14 76
41 68
49 32
49 68
49 59
22 80
47 14
44 96
3 43
32 79
8 4
47 22
24 51
36 43
24 29
50 40
41 34
48 22
38 62
48 85
28 68
34 86
32 12
31 3
50 91
18 3
30 46
12 48
8 85
36 55
29 96
26 69
25 91
13 94
5 57
40 57
41 41
4 99
10 83
12 31
14 36
8 31
42 48
10 71
40 71
1 51
20 36
22 76
13 16
48 92
20 72
22 80
27 93
8 16
47 68
47 73
42 42
33 65
40 96
15 100
6 79
8 42
50 36
15 57
46 90
3 28
40 33
32 50
17 79
5 39
26 17
18 42
23 62
15 5
3 75
44 46
10 22
10 81
39 35
12 12
27 82
40 79
11 72
13 63
48 71
33 34
43 13
41 18
20 89
26 36
44 4
49 57
9 88
5 55
29 96
50 28
23 69
19 41
1 70
24 71
49 60
11 33
13 69
2 20
13 71
1 71
41 13
33 67
19 84
25 1
2 75
2 65
41 82
9 25
42 42
45 59
49 88
35 58
23 53
28 70
4 81
47 49
24 38
23 69
29 71
11 18
39 44
24 71
26 76
50 58
27 36
21 2
1 50
19 18
28 45
24 60
25 73
6 46
7 17
14 67
4 12
20 63
50 95
46 41
4 44
5 9
43 32
37 95
29 89
42 97
41 43
12 15
7 39
44 75
46 34
10 56
11 18
37 40
21 58
26 68
32 44
33 45
50 75
11 61
49 83
20 23
36 59
29 56
17 36
7 40
49 49
39 20
28 23
1 45
50 32
44 51
2 9
7 35
37 13
10 63
26 95
24 68
33 95
23 21
48 70
14 49
30 83
45 71
3 39
37 67
41 45
6 93
40 50
2 64
31 24
16 19
10 57
20 4
24 9
28 7
47 43
41 16
29 58
3 87
7 7
47 57
24 11
1 79
47 27
3 4
36 16
36 11
21 18
49 5
3 42
1 10
26 76
9 10
40 32
49 2
1 37
32 99
11 8
2 69
27 44
43 77
38 14
45 29
7 87
11 56
31 7
42 68
43 34
28 56
22 98
47 40
47 38
31 36
19 55
35 68
4 90
3 58
16 86
16 92
43 21
45 46
21 98
16 19
24 4
33 13
22 96
19 25
38 55
39 28
27 47
35 5
11 85
5 7
4 69
5 93
31 75
46 28
49 11
27 56
39 2
42 88
32 63
8 27
44 62
8 70
34 49
46 21
50 63
11 56
7 83
20 91
50 42
19 94
6 79
47 72
30 76
1 49
28 8
14 57
44 18
26 67
18 26
23 14
33 90
6 71
26 78
28 65
4 75
41 61
38 66
33 32
47 27
21 60
19 35
28 84
12 50
5 58
50 92
19 48
25 81
50 17
1 15
21 56
12 30
2 79
41 25
31 4
50 20
27 37
14 9
6 7
28 78
39 65
38 49
47 66
34 15
19 51
42 52
5 83
28 34
24 40
45 4
38 69
47 89
45 11
38 63
30 71
44 93
14 8
43 2
46 36
7 49
37 60
23 68
26 59
12 76
31 8
46 32
20 97
41 26
29 10
33 11
8 69
23 65
16 16
1 32
19 2
19 83
12 1
5 72
13 99
21 37
50 54
5 82
42 94
36 24
26 41
24 81
43 37
12 74
50 89
48 48
32 67
46 70
50 67
35 40
33 34
1 96
13 14
3 47
12 40
22 34
33 39
13 8
29 5
7 69
29 4
48 57
20 8
17 77
12 71
4 4
16 81
19 10
29 76
20 47
41 71
12 29
35 40
13 73
16 98
41 83
32 27
39 45
30 13
16 37
